VAAA
VAAB	
VAAC	
VAAD	
VAAE	
VAAF	
VAAG	
VAAH	
VAAI	
VAAJ	
VAAK	
VAAL	
VAAM	
VAAN	
VAAO	
VAAP	
VAAQ	
VAAR	
VAAS	
VAAT	
VAAU	
VAAV	
VAAW	
VAAX	
VAAY	
VAAZ	
VABA	
VABB	
VABC	
VABD	
VABE	
VABF	
VABG	
VABH	
VABI	
VABJ	
VABK	
VABL	
VABM	
VABN	
VABO	
VABP	
VABQ	
VABR	
VABS	
VABT	
VABU	
VABV	
VABW	
VABX	
VABY	
VABZ	
VACA	
VACB	
VACC	
VACD	
VACE	
VACF	
VACG	
VACH	
VACI	
VACJ	
VACK	
VACL	
VACM	
VACN	
VACO	
VACP	
VACQ	
VACR	
VACS	
VACT	
VACU	
VACV	
VACW	
VACX	
VACY	
VACZ	
VADA	
VADB	
VADC	
VADD	
VADE	
VADF	
VADG	
VADH	
VADI	
VADJ	
VADK	
VADL	
VADM	
VADN	
VADO	
VADP	
VADQ	
VADR	
VADS	
VADT	
VADU	
VADV	
VADW	
VADX	
VADY	
VADZ	
VAEA	
VAEB	
VAEC	
VAED	
VAEE	
VAEF	
VAEG	
VAEH	
VAEI	
VAEJ	
VAEK	
VAEL	
VAEM	
VAEN	
VAEO	
VAEP	
VAEQ	
VAER	
VAES	
VAET	
VAEU	
VAEV	
VAEW	
VAEX	
VAEY	
VAEZ	
VAFA	
VAFB	
VAFC	
VAFD	
VAFE	
VAFF	
VAFG	
VAFH	
VAFI	
VAFJ	
VAFK	
VAFL	
VAFM	
VAFN	
VAFO	
VAFP	
VAFQ	
VAFR	
VAFS	
VAFT	
VAFU	
VAFV	
VAFW	
VAFX	
VAFY	
VAFZ	
VAGA	
VAGB	
VAGC	
VAGD	
VAGE	
VAGF	
VAGG	
VAGH	
VAGI	
VAGJ	
VAGK	
VAGL	
VAGM	
VAGN	
VAGO	
VAGP	
VAGQ	
VAGR	
VAGS	
VAGT	
VAGU	
VAGV	
VAGW	
VAGX	
VAGY	
VAGZ	
VAHA	
VAHB	
VAHC	
VAHD	
VAHE	
VAHF	
VAHG	
VAHH	
VAHI	
VAHJ	
VAHK	
VAHL	
VAHM	
VAHN	
VAHO	
VAHP	
VAHQ	
VAHR	
VAHS	
VAHT	
VAHU	
VAHV	
VAHW	
VAHX	
VAHY	
VAHZ	
VAIA	
VAIB	
VAIC	
VAID	
VAIE	
VAIF	
VAIG	
VAIH	
VAII	
VAIJ	
VAIK	
VAIL	
VAIM	
VAIN	
VAIO	
VAIP	
VAIQ	
VAIR	
VAIS	
VAIT	
VAIU	
VAIV	
VAIW	
VAIX	
VAIY	
VAIZ	
VAJA	
VAJB	
VAJC	
VAJD	
VAJE	
VAJF	
VAJG	
VAJH	
VAJI	
VAJJ	
VAJK	
VAJL	
VAJM	
VAJN	
VAJO	
VAJP	
VAJQ	
VAJR	
VAJS	
VAJT	
VAJU	
VAJV	
VAJW	
VAJX	
VAJY	
VAJZ	
VAKA	
VAKB	
VAKC	
VAKD	
VAKE	
VAKF	
VAKG	
VAKH	
VAKI	
VAKJ	
VAKK	
VAKL	
VAKM	
VAKN	
VAKO	
VAKP	
VAKQ	
VAKR	
VAKS	
VAKT	
VAKU	
VAKV	
VAKW	
VAKX	
VAKY	
VAKZ	
VALA	
VALB	
VALC	
VALD	
VALE	
VALF	
VALG	
VALH	
VALI	
VALJ	
VALK	
VALL	
VALM	
VALN	
VALO	
VALP	
VALQ	
VALR	
VALS	
VALT	
VALU	
VALV	
VALW	
VALX	
VALY	
VALZ	
VAMA	
VAMB	
VAMC	
VAMD	
VAME	
VAMF	
VAMG	
VAMH	
VAMI	
VAMJ	
VAMK	
VAML	
VAMM	
VAMN	
VAMO	
VAMP	
VAMQ	
VAMR	
VAMS	
VAMT	
VAMU	
VAMV	
VAMW	
VAMX	
VAMY	
VAMZ	
VANA	
VANB	
VANC	
VAND	
VANE	
VANF	
VANG	
VANH	
VANI	
VANJ	
VANK	
VANL	
VANM	
VANN	
VANO	
VANP	
VANQ	
VANR	
VANS	
VANT	
VANU	
VANV	
VANW	
VANX	
VANY	
VANZ	
VAOA	
VAOB	
VAOC	
VAOD	
VAOE	
VAOF	
VAOG	
VAOH	
VAOI	
VAOJ	
VAOK	
VAOL	
VAOM	
VAON	
VAOO	
VAOP	
VAOQ	
VAOR	
VAOS	
VAOT	
VAOU	
VAOV	
VAOW	
VAOX	
VAOY	
VAOZ	
VAPA	
VAPB	
VAPC	
VAPD	
VAPE	
VAPF	
VAPG	
VAPH	
VAPI	
VAPJ	
VAPK	
VAPL	
VAPM	
VAPN	
VAPO	
VAPP	
VAPQ	
VAPR	
VAPS	
VAPT	
VAPU	
VAPV	
VAPW	
VAPX	
VAPY	
VAPZ	
VAQA	
VAQB	
VAQC	
VAQD	
VAQE	
VAQF	
VAQG	
VAQH	
VAQI	
VAQJ	
VAQK	
VAQL	
VAQM	
VAQN	
VAQO	
VAQP	
VAQQ	
VAQR	
VAQS	
VAQT	
VAQU	
VAQV	
VAQW	
VAQX	
VAQY	
VAQZ	
VARA	
VARB	
VARC	
VARD	
VARE	
VARF	
VARG	
VARH	
VARI	
VARJ	
VARK	
VARL	
VARM	
VARN	
VARO	
VARP	
VARQ	
VARR	
VARS	
VART	
VARU	
VARV	
VARW	
VARX	
VARY	
VARZ	
VASA	
VASB	
VASC	
VASD	
VASE	
VASF	
VASG	
VASH	
VASI	
VASJ	
VASK	
VASL	
VASM	
VASN	
VASO	
VASP	
VASQ	
VASR	
VASS	
VAST	
VASU	
VASV	
VASW	
VASX	
VASY	
VASZ	
VATA	
VATB	
VATC	
VATD	
VATE	
VATF	
VATG	
VATH	
VATI	
VATJ	
VATK	
VATL	
VATM	
VATN	
VATO	
VATP	
VATQ	
VATR	
VATS	
VATT	
VATU	
VATV	
VATW	
VATX	
VATY	
VATZ	
VAUA	
VAUB	
VAUC	
VAUD	
VAUE	
VAUF	
VAUG	
VAUH	
VAUI	
VAUJ	
VAUK	
VAUL	
VAUM	
VAUN	
VAUO	
VAUP	
VAUQ	
VAUR	
VAUS	
VAUT	
VAUU	
VAUV	
VAUW	
VAUX	
VAUY	
VAUZ	
VAVA	
VAVB	
VAVC	
VAVD	
VAVE	
VAVF	
VAVG	
VAVH	
VAVI	
VAVJ	
VAVK	
VAVL	
VAVM	
VAVN	
VAVO	
VAVP	
VAVQ	
VAVR	
VAVS	
VAVT	
VAVU	
VAVV	
VAVW	
VAVX	
VAVY	
VAVZ	
VAWA	
VAWB	
VAWC	
VAWD	
VAWE	
VAWF	
VAWG	
VAWH	
VAWI	
VAWJ	
VAWK	
VAWL	
VAWM	
VAWN	
VAWO	
VAWP	
VAWQ	
VAWR	
VAWS	
VAWT	
VAWU	
VAWV	
VAWW	
VAWX	
VAWY	
VAWZ	
VAXA	
VAXB	
VAXC	
VAXD	
VAXE	
VAXF	
VAXG	
VAXH	
VAXI	
VAXJ	
VAXK	
VAXL	
VAXM	
VAXN	
VAXO	
VAXP	
VAXQ	
VAXR	
VAXS	
VAXT	
VAXU	
VAXV	
VAXW	
VAXX	
VAXY	
VAXZ	
VAYA	
VAYB	
VAYC	
VAYD	
VAYE	
VAYF	
VAYG	
VAYH	
VAYI	
VAYJ	
VAYK	
VAYL	
VAYM	
VAYN	
VAYO	
VAYP	
VAYQ	
VAYR	
VAYS	
VAYT	
VAYU	
VAYV	
VAYW	
VAYX	
VAYY	
VAYZ	
VAZA	
VAZB	
VAZC	
VAZD	
VAZE	
VAZF	
VAZG	
VAZH	
VAZI	
VAZJ	
VAZK	
VAZL	
VAZM	
VAZN	
VAZO	
VAZP	
VAZQ	
VAZR	
VAZS	
VAZT	
VAZU	
VAZV	
VAZW	
VAZX	
VAZY	
VAZZ	
VBAA	
VBAB	
VBAC	
VBAD	
VBAE	
VBAF	
VBAG	
VBAH	
VBAI	
VBAJ	
VBAK	
VBAL	
VBAM	
VBAN	
VBAO	
VBAP	
VBAQ	
VBAR	
VBAS	
VBAT	
VBAU	
VBAV	
VBAW	
VBAX	
VBAY	
VBAZ	
VBBA	
VBBB	
VBBC	
VBBD	
VBBE	
VBBF	
VBBG	
VBBH	
VBBI	
VBBJ	
VBBK	
VBBL	
VBBM	
VBBN	
VBBO	
VBBP	
VBBQ	
VBBR	
VBBS	
VBBT	
VBBU	
VBBV	
VBBW	
VBBX	
VBBY	
VBBZ	
VBCA	
VBCB	
VBCC	
VBCD	
VBCE	
VBCF	
VBCG	
VBCH	
VBCI	
VBCJ	
VBCK	
VBCL	
VBCM	
VBCN	
VBCO	
VBCP	
VBCQ	
VBCR	
VBCS	
VBCT	
VBCU	
VBCV	
VBCW	
VBCX	
VBCY	
VBCZ	
VBDA	
VBDB	
VBDC	
VBDD	
VBDE	
VBDF	
VBDG	
VBDH	
VBDI	
VBDJ	
VBDK	
VBDL	
VBDM	
VBDN	
VBDO	
VBDP	
VBDQ	
VBDR	
VBDS	
VBDT	
VBDU	
VBDV	
VBDW	
VBDX	
VBDY	
VBDZ	
VBEA	
VBEB	
VBEC	
VBED	
VBEE	
VBEF	
VBEG	
VBEH	
VBEI	
VBEJ	
VBEK	
VBEL	
VBEM	
VBEN	
VBEO	
VBEP	
VBEQ	
VBER	
VBES	
VBET	
VBEU	
VBEV	
VBEW	
VBEX	
VBEY	
VBEZ	
VBFA	
VBFB	
VBFC	
VBFD	
VBFE	
VBFF	
VBFG	
VBFH	
VBFI	
VBFJ	
VBFK	
VBFL	
VBFM	
VBFN	
VBFO	
VBFP	
VBFQ	
VBFR	
VBFS	
VBFT	
VBFU	
VBFV	
VBFW	
VBFX	
VBFY	
VBFZ	
VBGA	
VBGB	
VBGC	
VBGD	
VBGE	
VBGF	
VBGG	
VBGH	
VBGI	
VBGJ	
VBGK	
VBGL	
VBGM	
VBGN	
VBGO	
VBGP	
VBGQ	
VBGR	
VBGS	
VBGT	
VBGU	
VBGV	
VBGW	
VBGX	
VBGY	
VBGZ	
VBHA	
VBHB	
VBHC	
VBHD	
VBHE	
VBHF	
VBHG	
VBHH	
VBHI	
VBHJ	
VBHK	
VBHL	
VBHM	
VBHN	
VBHO	
VBHP	
VBHQ	
VBHR	
VBHS	
VBHT	
VBHU	
VBHV	
VBHW	
VBHX	
VBHY	
VBHZ	
VBIA	
VBIB	
VBIC	
VBID	
VBIE	
VBIF	
VBIG	
VBIH	
VBII	
VBIJ	
VBIK	
VBIL	
VBIM	
VBIN	
VBIO	
VBIP	
VBIQ	
VBIR	
VBIS	
VBIT	
VBIU	
VBIV	
VBIW	
VBIX	
VBIY	
VBIZ	
VBJA	
VBJB	
VBJC	
VBJD	
VBJE	
VBJF	
VBJG	
VBJH	
VBJI	
VBJJ	
VBJK	
VBJL	
VBJM	
VBJN	
VBJO	
VBJP	
VBJQ	
VBJR	
VBJS	
VBJT	
VBJU	
VBJV	
VBJW	
VBJX	
VBJY	
VBJZ	
VBKA	
VBKB	
VBKC	
VBKD	
VBKE	
VBKF	
VBKG	
VBKH	
VBKI	
VBKJ	
VBKK	
VBKL	
VBKM	
VBKN	
VBKO	
VBKP	
VBKQ	
VBKR	
VBKS	
VBKT	
VBKU	
VBKV	
VBKW	
VBKX	
VBKY	
VBKZ	
VBLA	
VBLB	
VBLC	
VBLD	
VBLE	
VBLF	
VBLG	
VBLH	
VBLI	
VBLJ	
VBLK	
VBLL	
VBLM	
VBLN	
VBLO	
VBLP	
VBLQ	
VBLR	
VBLS	
VBLT	
VBLU	
VBLV	
VBLW	
VBLX	
VBLY	
VBLZ	
VBMA	
VBMB	
VBMC	
VBMD	
VBME	
VBMF	
VBMG	
VBMH	
VBMI	
VBMJ	
VBMK	
VBML	
VBMM	
VBMN	
VBMO	
VBMP	
VBMQ	
VBMR	
VBMS	
VBMT	
VBMU	
VBMV	
VBMW	
VBMX	
VBMY	
VBMZ	
VBNA	
VBNB	
VBNC	
VBND	
VBNE	
VBNF	
VBNG	
VBNH	
VBNI	
VBNJ	
VBNK	
VBNL	
VBNM	
VBNN	
VBNO	
VBNP	
VBNQ	
VBNR	
VBNS	
VBNT	
VBNU	
VBNV	
VBNW	
VBNX	
VBNY	
VBNZ	
VBOA	
VBOB	
VBOC	
VBOD	
VBOE	
VBOF	
VBOG	
VBOH	
VBOI	
VBOJ	
VBOK	
VBOL	
VBOM	
VBON	
VBOO	
VBOP	
VBOQ	
VBOR	
VBOS	
VBOT	
VBOU	
VBOV	
VBOW	
VBOX	
VBOY	
VBOZ	
VBPA	
VBPB	
VBPC	
VBPD	
VBPE	
VBPF	
VBPG	
VBPH	
VBPI	
VBPJ	
VBPK	
VBPL	
VBPM	
VBPN	
VBPO	
VBPP	
VBPQ	
VBPR	
VBPS	
VBPT	
VBPU	
VBPV	
VBPW	
VBPX	
VBPY	
VBPZ	
VBQA	
VBQB	
VBQC	
VBQD	
VBQE	
VBQF	
VBQG	
VBQH	
VBQI	
VBQJ	
VBQK	
VBQL	
VBQM	
VBQN	
VBQO	
VBQP	
VBQQ	
VBQR	
VBQS	
VBQT	
VBQU	
VBQV	
VBQW	
VBQX	
VBQY	
VBQZ	
VBRA	
VBRB	
VBRC	
VBRD	
VBRE	
VBRF	
VBRG	
VBRH	
VBRI	
VBRJ	
VBRK	
VBRL	
VBRM	
VBRN	
VBRO	
VBRP	
VBRQ	
VBRR	
VBRS	
VBRT	
VBRU	
VBRV	
VBRW	
VBRX	
VBRY	
VBRZ	
VBSA	
VBSB	
VBSC	
VBSD	
VBSE	
VBSF	
VBSG	
VBSH	
VBSI	
VBSJ	
VBSK	
VBSL	
VBSM	
VBSN	
VBSO	
VBSP	
VBSQ	
VBSR	
VBSS	
VBST	
VBSU	
VBSV	
VBSW	
VBSX	
VBSY	
VBSZ	
VBTA	
VBTB	
VBTC	
VBTD	
VBTE	
VBTF	
VBTG	
VBTH	
VBTI	
VBTJ	
VBTK	
VBTL	
VBTM	
VBTN	
VBTO	
VBTP	
VBTQ	
VBTR	
VBTS	
VBTT	
VBTU	
VBTV	
VBTW	
VBTX	
VBTY	
VBTZ	
VBUA	
VBUB	
VBUC	
VBUD	
VBUE	
VBUF	
VBUG	
VBUH	
VBUI	
VBUJ	
VBUK	
VBUL	
VBUM	
VBUN	
VBUO	
VBUP	
VBUQ	
VBUR	
VBUS	
VBUT	
VBUU	
VBUV	
VBUW	
VBUX	
VBUY	
VBUZ	
VBVA	
VBVB	
VBVC	
VBVD	
VBVE	
VBVF	
VBVG	
VBVH	
VBVI	
VBVJ	
VBVK	
VBVL	
VBVM	
VBVN	
VBVO	
VBVP	
VBVQ	
VBVR	
VBVS	
VBVT	
VBVU	
VBVV	
VBVW	
VBVX	
VBVY	
VBVZ	
VBWA	
VBWB	
VBWC	
VBWD	
VBWE	
VBWF	
VBWG	
VBWH	
VBWI	
VBWJ	
VBWK	
VBWL	
VBWM	
VBWN	
VBWO	
VBWP	
VBWQ	
VBWR	
VBWS	
VBWT	
VBWU	
VBWV	
VBWW	
VBWX	
VBWY	
VBWZ	
VBXA	
VBXB	
VBXC	
VBXD	
VBXE	
VBXF	
VBXG	
VBXH	
VBXI	
VBXJ	
VBXK	
VBXL	
VBXM	
VBXN	
VBXO	
VBXP	
VBXQ	
VBXR	
VBXS	
VBXT	
VBXU	
VBXV	
VBXW	
VBXX	
VBXY	
VBXZ	
VBYA	
VBYB	
VBYC	
VBYD	
VBYE	
VBYF	
VBYG	
VBYH	
VBYI	
VBYJ	
VBYK	
VBYL	
VBYM	
VBYN	
VBYO	
VBYP	
VBYQ	
VBYR	
VBYS	
VBYT	
VBYU	
VBYV	
VBYW	
VBYX	
VBYY	
VBYZ	
VBZA	
VBZB	
VBZC	
VBZD	
VBZE	
VBZF	
VBZG	
VBZH	
VBZI	
VBZJ	
VBZK	
VBZL	
VBZM	
VBZN	
VBZO	
VBZP	
VBZQ	
VBZR	
VBZS	
VBZT	
VBZU	
VBZV	
VBZW	
VBZX	
VBZY	
VBZZ	
VCAA	
VCAB	
VCAC	
VCAD	
VCAE	
VCAF	
VCAG	
VCAH	
VCAI	
VCAJ	
VCAK	
VCAL	
VCAM	
VCAN	
VCAO	
VCAP	
VCAQ	
VCAR	
VCAS	
VCAT	
VCAU	
VCAV	
VCAW	
VCAX	
VCAY	
VCAZ	
VCBA	
VCBB	
VCBC	
VCBD	
VCBE	
VCBF	
VCBG	
VCBH	
VCBI	
VCBJ	
VCBK	
VCBL	
VCBM	
VCBN	
VCBO	
VCBP	
VCBQ	
VCBR	
VCBS	
VCBT	
VCBU	
VCBV	
VCBW	
VCBX	
VCBY	
VCBZ	
VCCA	
VCCB	
VCCC	
VCCD	
VCCE	
VCCF	
VCCG	
VCCH	
VCCI	
VCCJ	
VCCK	
VCCL	
VCCM	
VCCN	
VCCO	
VCCP	
VCCQ	
VCCR	
VCCS	
VCCT	
VCCU	
VCCV	
VCCW	
VCCX	
VCCY	
VCCZ	
VCDA	
VCDB	
VCDC	
VCDD	
VCDE	
VCDF	
VCDG	
VCDH	
VCDI	
VCDJ	
VCDK	
VCDL	
VCDM	
VCDN	
VCDO	
VCDP	
VCDQ	
VCDR	
VCDS	
VCDT	
VCDU	
VCDV	
VCDW	
VCDX	
VCDY	
VCDZ	
VCEA	
VCEB	
VCEC	
VCED	
VCEE	
VCEF	
VCEG	
VCEH	
VCEI	
VCEJ	
VCEK	
VCEL	
VCEM	
VCEN	
VCEO	
VCEP	
VCEQ	
VCER	
VCES	
VCET	
VCEU	
VCEV	
VCEW	
VCEX	
VCEY	
VCEZ	
VCFA	
VCFB	
VCFC	
VCFD	
VCFE	
VCFF	
VCFG	
VCFH	
VCFI	
VCFJ	
VCFK	
VCFL	
VCFM	
VCFN	
VCFO	
VCFP	
VCFQ	
VCFR	
VCFS	
VCFT	
VCFU	
VCFV	
VCFW	
VCFX	
VCFY	
VCFZ	
VCGA	
VCGB	
VCGC	
VCGD	
VCGE	
VCGF	
VCGG	
VCGH	
VCGI	
VCGJ	
VCGK	
VCGL	
VCGM	
VCGN	
VCGO	
VCGP	
VCGQ	
VCGR	
VCGS	
VCGT	
VCGU	
VCGV	
VCGW	
VCGX	
VCGY	
VCGZ	
VCHA	
VCHB	
VCHC	
VCHD	
VCHE	
VCHF	
VCHG	
VCHH	
VCHI	
VCHJ	
VCHK	
VCHL	
VCHM	
VCHN	
VCHO	
VCHP	
VCHQ	
VCHR	
VCHS	
VCHT	
VCHU	
VCHV	
VCHW	
VCHX	
VCHY	
VCHZ	
VCIA	
VCIB	
VCIC	
VCID	
VCIE	
VCIF	
VCIG	
VCIH	
VCII	
VCIJ	
VCIK	
VCIL	
VCIM	
VCIN	
VCIO	
VCIP	
VCIQ	
VCIR	
VCIS	
VCIT	
VCIU	
VCIV	
VCIW	
VCIX	
VCIY	
VCIZ	
VCJA	
VCJB	
VCJC	
VCJD	
VCJE	
VCJF	
VCJG	
VCJH	
VCJI	
VCJJ	
VCJK	
VCJL	
VCJM	
VCJN	
VCJO	
VCJP	
VCJQ	
VCJR	
VCJS	
VCJT	
VCJU	
VCJV	
VCJW	
VCJX	
VCJY	
VCJZ	
VCKA	
VCKB	
VCKC	
VCKD	
VCKE	
VCKF	
VCKG	
VCKH	
VCKI	
VCKJ	
VCKK	
VCKL	
VCKM	
VCKN	
VCKO	
VCKP	
VCKQ	
VCKR	
VCKS	
VCKT	
VCKU	
VCKV	
VCKW	
VCKX	
VCKY	
VCKZ	
VCLA	
VCLB	
VCLC	
VCLD	
VCLE	
VCLF	
VCLG	
VCLH	
VCLI	
VCLJ	
VCLK	
VCLL	
VCLM	
VCLN	
VCLO	
VCLP	
VCLQ	
VCLR	
VCLS	
VCLT	
VCLU	
VCLV	
VCLW	
VCLX	
VCLY	
VCLZ	
VCMA	
VCMB	
VCMC	
VCMD	
VCME	
VCMF	
VCMG	
VCMH	
VCMI	
VCMJ	
VCMK	
VCML	
VCMM	
VCMN	
VCMO	
VCMP	
VCMQ	
VCMR	
VCMS	
VCMT	
VCMU	
VCMV	
VCMW	
VCMX	
VCMY	
VCMZ	
VCNA	
VCNB	
VCNC	
VCND	
VCNE	
VCNF	
VCNG	
VCNH	
VCNI	
VCNJ	
VCNK	
VCNL	
VCNM	
VCNN	
VCNO	
VCNP	
VCNQ	
VCNR	
VCNS	
VCNT	
VCNU	
VCNV	
VCNW	
VCNX	
VCNY	
VCNZ	
VCOA	
VCOB	
VCOC	
VCOD	
VCOE	
VCOF	
VCOG	
VCOH	
VCOI	
VCOJ	
VCOK	
VCOL	
VCOM	
VCON	
VCOO	
VCOP	
VCOQ	
VCOR	
VCOS	
VCOT	
VCOU	
VCOV	
VCOW	
VCOX	
VCOY	
VCOZ	
VCPA	
VCPB	
VCPC	
VCPD	
VCPE	
VCPF	
VCPG	
VCPH	
VCPI	
VCPJ	
VCPK	
VCPL	
VCPM	
VCPN	
VCPO	
VCPP	
VCPQ	
VCPR	
VCPS	
VCPT	
VCPU	
VCPV	
VCPW	
VCPX	
VCPY	
VCPZ	
VCQA	
VCQB	
VCQC	
VCQD	
VCQE	
VCQF	
VCQG	
VCQH	
VCQI	
VCQJ	
VCQK	
VCQL	
VCQM	
VCQN	
VCQO	
VCQP	
VCQQ	
VCQR	
VCQS	
VCQT	
VCQU	
VCQV	
VCQW	
VCQX	
VCQY	
VCQZ	
VCRA	
VCRB	
VCRC	
VCRD	
VCRE	
VCRF	
VCRG	
VCRH	
VCRI	
VCRJ	
VCRK	
VCRL	
VCRM	
VCRN	
VCRO	
VCRP	
VCRQ	
VCRR	
VCRS	
VCRT	
VCRU	
VCRV	
VCRW	
VCRX	
VCRY	
VCRZ	
VCSA	
VCSB	
VCSC	
VCSD	
VCSE	
VCSF	
VCSG	
VCSH	
VCSI	
VCSJ	
VCSK	
VCSL	
VCSM	
VCSN	
VCSO	
VCSP	
VCSQ	
VCSR	
VCSS	
VCST	
VCSU	
VCSV	
VCSW	
VCSX	
VCSY	
VCSZ	
VCTA	
VCTB	
VCTC	
VCTD	
VCTE	
VCTF	
VCTG	
VCTH	
VCTI	
VCTJ	
VCTK	
VCTL	
VCTM	
VCTN	
VCTO	
VCTP	
VCTQ	
VCTR	
VCTS	
VCTT	
VCTU	
VCTV	
VCTW	
VCTX	
VCTY	
VCTZ	
VCUA	
VCUB	
VCUC	
VCUD	
VCUE	
VCUF	
VCUG	
VCUH	
VCUI	
VCUJ	
VCUK	
VCUL	
VCUM	
VCUN	
VCUO	
VCUP	
VCUQ	
VCUR	
VCUS	
VCUT	
VCUU	
VCUV	
VCUW	
VCUX	
VCUY	
VCUZ	
VCVA	
VCVB	
VCVC	
VCVD	
VCVE	
VCVF	
VCVG	
VCVH	
VCVI	
VCVJ	
VCVK	
VCVL	
VCVM	
VCVN	
VCVO	
VCVP	
VCVQ	
VCVR	
VCVS	
VCVT	
VCVU	
VCVV	
VCVW	
VCVX	
VCVY	
VCVZ	
VCWA	
VCWB	
VCWC	
VCWD	
VCWE	
VCWF	
VCWG	
VCWH	
VCWI	
VCWJ	
VCWK	
VCWL	
VCWM	
VCWN	
VCWO	
VCWP	
VCWQ	
VCWR	
VCWS	
VCWT	
VCWU	
VCWV	
VCWW	
VCWX	
VCWY	
VCWZ	
VCXA	
VCXB	
VCXC	
VCXD	
VCXE	
VCXF	
VCXG	
VCXH	
VCXI	
VCXJ	
VCXK	
VCXL	
VCXM	
VCXN	
VCXO	
VCXP	
VCXQ	
VCXR	
VCXS	
VCXT	
VCXU	
VCXV	
VCXW	
VCXX	
VCXY	
VCXZ	
VCYA	
VCYB	
VCYC	
VCYD	
VCYE	
VCYF	
VCYG	
VCYH	
VCYI	
VCYJ	
VCYK	
VCYL	
VCYM	
VCYN	
VCYO	
VCYP	
VCYQ	
VCYR	
VCYS	
VCYT	
VCYU	
VCYV	
VCYW	
VCYX	
VCYY	
VCYZ	
VCZA	
VCZB	
VCZC	
VCZD	
VCZE	
VCZF	
VCZG	
VCZH	
VCZI	
VCZJ	
VCZK	
VCZL	
VCZM	
VCZN	
VCZO	
VCZP	
VCZQ	
VCZR	
VCZS	
VCZT	
VCZU	
VCZV	
VCZW	
VCZX	
VCZY	
VCZZ	
VDAA	
VDAB	
VDAC	
VDAD	
VDAE	
VDAF	
VDAG	
VDAH	
VDAI	
VDAJ	
VDAK	
VDAL	
VDAM	
VDAN	
VDAO	
VDAP	
VDAQ	
VDAR	
VDAS	
VDAT	
VDAU	
VDAV	
VDAW	
VDAX	
VDAY	
VDAZ	
VDBA	
VDBB	
VDBC	
VDBD	
VDBE	
VDBF	
VDBG	
VDBH	
VDBI	
VDBJ	
VDBK	
VDBL	
VDBM	
VDBN	
VDBO	
VDBP	
VDBQ	
VDBR	
VDBS	
VDBT	
VDBU	
VDBV	
VDBW	
VDBX	
VDBY	
VDBZ	
VDCA	
VDCB	
VDCC	
VDCD	
VDCE	
VDCF	
VDCG	
VDCH	
VDCI	
VDCJ	
VDCK	
VDCL	
VDCM	
VDCN	
VDCO	
VDCP	
VDCQ	
VDCR	
VDCS	
VDCT	
VDCU	
VDCV	
VDCW	
VDCX	
VDCY	
VDCZ	
VDDA	
VDDB	
VDDC	
VDDD	
VDDE	
VDDF	
VDDG	
VDDH	
VDDI	
VDDJ	
VDDK	
VDDL	
VDDM	
VDDN	
VDDO	
VDDP	
VDDQ	
VDDR	
VDDS	
VDDT	
VDDU	
VDDV	
VDDW	
VDDX	
VDDY	
VDDZ	
VDEA	
VDEB	
VDEC	
VDED	
VDEE	
VDEF	
VDEG	
VDEH	
VDEI	
VDEJ	
VDEK	
VDEL	
VDEM	
VDEN	
VDEO	
VDEP	
VDEQ	
VDER	
VDES	
VDET	
VDEU	
VDEV	
VDEW	
VDEX	
VDEY	
VDEZ	
VDFA	
VDFB	
VDFC	
VDFD	
VDFE	
VDFF	
VDFG	
VDFH	
VDFI	
VDFJ	
VDFK	
VDFL	
VDFM	
VDFN	
VDFO	
VDFP	
VDFQ	
VDFR	
VDFS	
VDFT	
VDFU	
VDFV	
VDFW	
VDFX	
VDFY	
VDFZ	
VDGA	
VDGB	
VDGC	
VDGD	
VDGE	
VDGF	
VDGG	
VDGH	
VDGI	
VDGJ	
VDGK	
VDGL	
VDGM	
VDGN	
VDGO	
VDGP	
VDGQ	
VDGR	
VDGS	
VDGT	
VDGU	
VDGV	
VDGW	
VDGX	
VDGY	
VDGZ	
VDHA	
VDHB	
VDHC	
VDHD	
VDHE	
VDHF	
VDHG	
VDHH	
VDHI	
VDHJ	
VDHK	
VDHL	
VDHM	
VDHN	
VDHO	
VDHP	
VDHQ	
VDHR	
VDHS	
VDHT	
VDHU	
VDHV	
VDHW	
VDHX	
VDHY	
VDHZ	
VDIA	
VDIB	
VDIC	
VDID	
VDIE	
VDIF	
VDIG	
VDIH	
VDII	
VDIJ	
VDIK	
VDIL	
VDIM	
VDIN	
VDIO	
VDIP	
VDIQ	
VDIR	
VDIS	
VDIT	
VDIU	
VDIV	
VDIW	
VDIX	
VDIY	
VDIZ	
VDJA	
VDJB	
VDJC	
VDJD	
VDJE	
VDJF	
VDJG	
VDJH	
VDJI	
VDJJ	
VDJK	
VDJL	
VDJM	
VDJN	
VDJO	
VDJP	
VDJQ	
VDJR	
VDJS	
VDJT	
VDJU	
VDJV	
VDJW	
VDJX	
VDJY	
VDJZ	
VDKA	
VDKB	
VDKC	
VDKD	
VDKE	
VDKF	
VDKG	
VDKH	
VDKI	
VDKJ	
VDKK	
VDKL	
VDKM	
VDKN	
VDKO	
VDKP	
VDKQ	
VDKR	
VDKS	
VDKT	
VDKU	
VDKV	
VDKW	
VDKX	
VDKY	
VDKZ	
VDLA	
VDLB	
VDLC	
VDLD	
VDLE	
VDLF	
VDLG	
VDLH	
VDLI	
VDLJ	
VDLK	
VDLL	
VDLM	
VDLN	
VDLO	
VDLP	
VDLQ	
VDLR	
VDLS	
VDLT	
VDLU	
VDLV	
VDLW	
VDLX	
VDLY	
VDLZ	
VDMA	
VDMB	
VDMC	
VDMD	
VDME	
VDMF	
VDMG	
VDMH	
VDMI	
VDMJ	
VDMK	
VDML	
VDMM	
VDMN	
VDMO	
VDMP	
VDMQ	
VDMR	
VDMS	
VDMT	
VDMU	
VDMV	
VDMW	
VDMX	
VDMY	
VDMZ	
VDNA	
VDNB	
VDNC	
VDND	
VDNE	
VDNF	
VDNG	
VDNH	
VDNI	
VDNJ	
VDNK	
VDNL	
VDNM	
VDNN	
VDNO	
VDNP	
VDNQ	
VDNR	
VDNS	
VDNT	
VDNU	
VDNV	
VDNW	
VDNX	
VDNY	
VDNZ	
VDOA	
VDOB	
VDOC	
VDOD	
VDOE	
VDOF	
VDOG	
VDOH	
VDOI	
VDOJ	
VDOK	
VDOL	
VDOM	
VDON	
VDOO	
VDOP	
VDOQ	
VDOR	
VDOS	
VDOT	
VDOU	
VDOV	
VDOW	
VDOX	
VDOY	
VDOZ	
VDPA	
VDPB	
VDPC	
VDPD	
VDPE	
VDPF	
VDPG	
VDPH	
VDPI	
VDPJ	
VDPK	
VDPL	
VDPM	
VDPN	
VDPO	
VDPP	
VDPQ	
VDPR	
VDPS	
VDPT	
VDPU	
VDPV	
VDPW	
VDPX	
VDPY	
VDPZ	
VDQA	
VDQB	
VDQC	
VDQD	
VDQE	
VDQF	
VDQG	
VDQH	
VDQI	
VDQJ	
VDQK	
VDQL	
VDQM	
VDQN	
VDQO	
VDQP	
VDQQ	
VDQR	
VDQS	
VDQT	
VDQU	
VDQV	
VDQW	
VDQX	
VDQY	
VDQZ	
VDRA	
VDRB	
VDRC	
VDRD	
VDRE	
VDRF	
VDRG	
VDRH	
VDRI	
VDRJ	
VDRK	
VDRL	
VDRM	
VDRN	
VDRO	
VDRP	
VDRQ	
VDRR	
VDRS	
VDRT	
VDRU	
VDRV	
VDRW	
VDRX	
VDRY	
VDRZ	
VDSA	
VDSB	
VDSC	
VDSD	
VDSE	
VDSF	
VDSG	
VDSH	
VDSI	
VDSJ	
VDSK	
VDSL	
VDSM	
VDSN	
VDSO	
VDSP	
VDSQ	
VDSR	
VDSS	
VDST	
VDSU	
VDSV	
VDSW	
VDSX	
VDSY	
VDSZ	
VDTA	
VDTB	
VDTC	
VDTD	
VDTE	
VDTF	
VDTG	
VDTH	
VDTI	
VDTJ	
VDTK	
VDTL	
VDTM	
VDTN	
VDTO	
VDTP	
VDTQ	
VDTR	
VDTS	
VDTT	
VDTU	
VDTV	
VDTW	
VDTX	
VDTY	
VDTZ	
VDUA	
VDUB	
VDUC	
VDUD	
VDUE	
VDUF	
VDUG	
VDUH	
VDUI	
VDUJ	
VDUK	
VDUL	
VDUM	
VDUN	
VDUO	
VDUP	
VDUQ	
VDUR	
VDUS	
VDUT	
VDUU	
VDUV	
VDUW	
VDUX	
VDUY	
VDUZ	
VDVA	
VDVB	
VDVC	
VDVD	
VDVE	
VDVF	
VDVG	
VDVH	
VDVI	
VDVJ	
VDVK	
VDVL	
VDVM	
VDVN	
VDVO	
VDVP	
VDVQ	
VDVR	
VDVS	
VDVT	
VDVU	
VDVV	
VDVW	
VDVX	
VDVY	
VDVZ	
VDWA	
VDWB	
VDWC	
VDWD	
VDWE	
VDWF	
VDWG	
VDWH	
VDWI	
VDWJ	
VDWK	
VDWL	
VDWM	
VDWN	
VDWO	
VDWP	
VDWQ	
VDWR	
VDWS	
VDWT	
VDWU	
VDWV	
VDWW	
VDWX	
VDWY	
VDWZ	
VDXA	
VDXB	
VDXC	
VDXD	
VDXE	
VDXF	
VDXG	
VDXH	
VDXI	
VDXJ	
VDXK	
VDXL	
VDXM	
VDXN	
VDXO	
VDXP	
VDXQ	
VDXR	
VDXS	
VDXT	
VDXU	
VDXV	
VDXW	
VDXX	
VDXY	
VDXZ	
VDYA	
VDYB	
VDYC	
VDYD	
VDYE	
VDYF	
VDYG	
VDYH	
VDYI	
VDYJ	
VDYK	
VDYL	
VDYM	
VDYN	
VDYO	
VDYP	
VDYQ	
VDYR	
VDYS	
VDYT	
VDYU	
VDYV	
VDYW	
VDYX	
VDYY	
VDYZ	
VDZA	
VDZB	
VDZC	
VDZD	
VDZE	
VDZF	
VDZG	
VDZH	
VDZI	
VDZJ	
VDZK	
VDZL	
VDZM	
VDZN	
VDZO	
VDZP	
VDZQ	
VDZR	
VDZS	
VDZT	
VDZU	
VDZV	
VDZW	
VDZX	
VDZY	
VDZZ	
VEAA	
VEAB	
VEAC	
VEAD	
VEAE	
VEAF	
VEAG	
VEAH	
VEAI	
VEAJ	
VEAK	
VEAL	
VEAM	
VEAN	
VEAO	
VEAP	
VEAQ	
VEAR	
VEAS	
VEAT	
VEAU	
VEAV	
VEAW	
VEAX	
VEAY	
VEAZ	
VEBA	
VEBB	
VEBC	
VEBD	
VEBE	
VEBF	
VEBG	
VEBH	
VEBI	
VEBJ	
VEBK	
VEBL	
VEBM	
VEBN	
VEBO	
VEBP	
VEBQ	
VEBR	
VEBS	
VEBT	
VEBU	
VEBV	
VEBW	
VEBX	
VEBY	
VEBZ	
VECA	
VECB	
VECC	
VECD	
VECE	
VECF	
VECG	
VECH	
VECI	
VECJ	
VECK	
VECL	
VECM	
VECN	
VECO	
VECP	
VECQ	
VECR	
VECS	
VECT	
VECU	
VECV	
VECW	
VECX	
VECY	
VECZ	
VEDA	
VEDB	
VEDC	
VEDD	
VEDE	
VEDF	
VEDG	
VEDH	
VEDI	
VEDJ	
VEDK	
VEDL	
VEDM	
VEDN	
VEDO	
VEDP	
VEDQ	
VEDR	
VEDS	
VEDT	
VEDU	
VEDV	
VEDW	
VEDX	
VEDY	
VEDZ	
VEEA	
VEEB	
VEEC	
VEED	
VEEE	
VEEF	
VEEG	
VEEH	
VEEI	
VEEJ	
VEEK	
VEEL	
VEEM	
VEEN	
VEEO	
VEEP	
VEEQ	
VEER	
VEES	
VEET	
VEEU	
VEEV	
VEEW	
VEEX	
VEEY	
VEEZ	
VEFA	
VEFB	
VEFC	
VEFD	
VEFE	
VEFF	
VEFG	
VEFH	
VEFI	
VEFJ	
VEFK	
VEFL	
VEFM	
VEFN	
VEFO	
VEFP	
VEFQ	
VEFR	
VEFS	
VEFT	
VEFU	
VEFV	
VEFW	
VEFX	
VEFY	
VEFZ	
VEGA	
VEGB	
VEGC	
VEGD	
VEGE	
VEGF	
VEGG	
VEGH	
VEGI	
VEGJ	
VEGK	
VEGL	
VEGM	
VEGN	
VEGO	
VEGP	
VEGQ	
VEGR	
VEGS	
VEGT	
VEGU	
VEGV	
VEGW	
VEGX	
VEGY	
VEGZ	
VEHA	
VEHB	
VEHC	
VEHD	
VEHE	
VEHF	
VEHG	
VEHH	
VEHI	
VEHJ	
VEHK	
VEHL	
VEHM	
VEHN	
VEHO	
VEHP	
VEHQ	
VEHR	
VEHS	
VEHT	
VEHU	
VEHV	
VEHW	
VEHX	
VEHY	
VEHZ	
VEIA	
VEIB	
VEIC	
VEID	
VEIE	
VEIF	
VEIG	
VEIH	
VEII	
VEIJ	
VEIK	
VEIL	
VEIM	
VEIN	
VEIO	
VEIP	
VEIQ	
VEIR	
VEIS	
VEIT	
VEIU	
VEIV	
VEIW	
VEIX	
VEIY	
VEIZ	
VEJA	
VEJB	
VEJC	
VEJD	
VEJE	
VEJF	
VEJG	
VEJH	
VEJI	
VEJJ	
VEJK	
VEJL	
VEJM	
VEJN	
VEJO	
VEJP	
VEJQ	
VEJR	
VEJS	
VEJT	
VEJU	
VEJV	
VEJW	
VEJX	
VEJY	
VEJZ	
VEKA	
VEKB	
VEKC	
VEKD	
VEKE	
VEKF	
VEKG	
VEKH	
VEKI	
VEKJ	
VEKK	
VEKL	
VEKM	
VEKN	
VEKO	
VEKP	
VEKQ	
VEKR	
VEKS	
VEKT	
VEKU	
VEKV	
VEKW	
VEKX	
VEKY	
VEKZ	
VELA	
VELB	
VELC	
VELD	
VELE	
VELF	
VELG	
VELH	
VELI	
VELJ	
VELK	
VELL	
VELM	
VELN	
VELO	
VELP	
VELQ	
VELR	
VELS	
VELT	
VELU	
VELV	
VELW	
VELX	
VELY	
VELZ	
VEMA	
VEMB	
VEMC	
VEMD	
VEME	
VEMF	
VEMG	
VEMH	
VEMI	
VEMJ	
VEMK	
VEML	
VEMM	
VEMN	
VEMO	
VEMP	
VEMQ	
VEMR	
VEMS	
VEMT	
VEMU	
VEMV	
VEMW	
VEMX	
VEMY	
VEMZ	
VENA	
VENB	
VENC	
VEND	
VENE	
VENF	
VENG	
VENH	
VENI	
VENJ	
VENK	
VENL	
VENM	
VENN	
VENO	
VENP	
VENQ	
VENR	
VENS	
VENT	
VENU	
VENV	
VENW	
VENX	
VENY	
VENZ	
VEOA	
VEOB	
VEOC	
VEOD	
VEOE	
VEOF	
VEOG	
VEOH	
VEOI	
VEOJ	
VEOK	
VEOL	
VEOM	
VEON	
VEOO	
VEOP	
VEOQ	
VEOR	
VEOS	
VEOT	
VEOU	
VEOV	
VEOW	
VEOX	
VEOY	
VEOZ	
VEPA	
VEPB	
VEPC	
VEPD	
VEPE	
VEPF	
VEPG	
VEPH	
VEPI	
VEPJ	
VEPK	
VEPL	
VEPM	
VEPN	
VEPO	
VEPP	
VEPQ	
VEPR	
VEPS	
VEPT	
VEPU	
VEPV	
VEPW	
VEPX	
VEPY	
VEPZ	
VEQA	
VEQB	
VEQC	
VEQD	
VEQE	
VEQF	
VEQG	
VEQH	
VEQI	
VEQJ	
VEQK	
VEQL	
VEQM	
VEQN	
VEQO	
VEQP	
VEQQ	
VEQR	
VEQS	
VEQT	
VEQU	
VEQV	
VEQW	
VEQX	
VEQY	
VEQZ	
VERA	
VERB	
VERC	
VERD	
VERE	
VERF	
VERG	
VERH	
VERI	
VERJ	
VERK	
VERL	
VERM	
VERN	
VERO	
VERP	
VERQ	
VERR	
VERS	
VERT	
VERU	
VERV	
VERW	
VERX	
VERY	
VERZ	
VESA	
VESB	
VESC	
VESD	
VESE	
VESF	
VESG	
VESH	
VESI	
VESJ	
VESK	
VESL	
VESM	
VESN	
VESO	
VESP	
VESQ	
VESR	
VESS	
VEST	
VESU	
VESV	
VESW	
VESX	
VESY	
VESZ	
VETA	
VETB	
VETC	
VETD	
VETE	
VETF	
VETG	
VETH	
VETI	
VETJ	
VETK	
VETL	
VETM	
VETN	
VETO	
VETP	
VETQ	
VETR	
VETS	
VETT	
VETU	
VETV	
VETW	
VETX	
VETY	
VETZ	
VEUA	
VEUB	
VEUC	
VEUD	
VEUE	
VEUF	
VEUG	
VEUH	
VEUI	
VEUJ	
VEUK	
VEUL	
VEUM	
VEUN	
VEUO	
VEUP	
VEUQ	
VEUR	
VEUS	
VEUT	
VEUU	
VEUV	
VEUW	
VEUX	
VEUY	
VEUZ	
VEVA	
VEVB	
VEVC	
VEVD	
VEVE	
VEVF	
VEVG	
VEVH	
VEVI	
VEVJ	
VEVK	
VEVL	
VEVM	
VEVN	
VEVO	
VEVP	
VEVQ	
VEVR	
VEVS	
VEVT	
VEVU	
VEVV	
VEVW	
VEVX	
VEVY	
VEVZ	
VEWA	
VEWB	
VEWC	
VEWD	
VEWE	
VEWF	
VEWG	
VEWH	
VEWI	
VEWJ	
VEWK	
VEWL	
VEWM	
VEWN	
VEWO	
VEWP	
VEWQ	
VEWR	
VEWS	
VEWT	
VEWU	
VEWV	
VEWW	
VEWX	
VEWY	
VEWZ	
VEXA	
VEXB	
VEXC	
VEXD	
VEXE	
VEXF	
VEXG	
VEXH	
VEXI	
VEXJ	
VEXK	
VEXL	
VEXM	
VEXN	
VEXO	
VEXP	
VEXQ	
VEXR	
VEXS	
VEXT	
VEXU	
VEXV	
VEXW	
VEXX	
VEXY	
VEXZ	
VEYA	
VEYB	
VEYC	
VEYD	
VEYE	
VEYF	
VEYG	
VEYH	
VEYI	
VEYJ	
VEYK	
VEYL	
VEYM	
VEYN	
VEYO	
VEYP	
VEYQ	
VEYR	
VEYS	
VEYT	
VEYU	
VEYV	
VEYW	
VEYX	
VEYY	
VEYZ	
VEZA	
VEZB	
VEZC	
VEZD	
VEZE	
VEZF	
VEZG	
VEZH	
VEZI	
VEZJ	
VEZK	
VEZL	
VEZM	
VEZN	
VEZO	
VEZP	
VEZQ	
VEZR	
VEZS	
VEZT	
VEZU	
VEZV	
VEZW	
VEZX	
VEZY	
VEZZ	
VFAA	
VFAB	
VFAC	
VFAD	
VFAE	
VFAF	
VFAG	
VFAH	
VFAI	
VFAJ	
VFAK	
VFAL	
VFAM	
VFAN	
VFAO	
VFAP	
VFAQ	
VFAR	
VFAS	
VFAT	
VFAU	
VFAV	
VFAW	
VFAX	
VFAY	
VFAZ	
VFBA	
VFBB	
VFBC	
VFBD	
VFBE	
VFBF	
VFBG	
VFBH	
VFBI	
VFBJ	
VFBK	
VFBL	
VFBM	
VFBN	
VFBO	
VFBP	
VFBQ	
VFBR	
VFBS	
VFBT	
VFBU	
VFBV	
VFBW	
VFBX	
VFBY	
VFBZ	
VFCA	
VFCB	
VFCC	
VFCD	
VFCE	
VFCF	
VFCG	
VFCH	
VFCI	
VFCJ	
VFCK	
VFCL	
VFCM	
VFCN	
VFCO	
VFCP	
VFCQ	
VFCR	
VFCS	
VFCT	
VFCU	
VFCV	
VFCW	
VFCX	
VFCY	
VFCZ	
VFDA	
VFDB	
VFDC	
VFDD	
VFDE	
VFDF	
VFDG	
VFDH	
VFDI	
VFDJ	
VFDK	
VFDL	
VFDM	
VFDN	
VFDO	
VFDP	
VFDQ	
VFDR	
VFDS	
VFDT	
VFDU	
VFDV	
VFDW	
VFDX	
VFDY	
VFDZ	
VFEA	
VFEB	
VFEC	
VFED	
VFEE	
VFEF	
VFEG	
VFEH	
VFEI	
VFEJ	
VFEK	
VFEL	
VFEM	
VFEN	
VFEO	
VFEP	
VFEQ	
VFER	
VFES	
VFET	
VFEU	
VFEV	
VFEW	
VFEX	
VFEY	
VFEZ	
VFFA	
VFFB	
VFFC	
VFFD	
VFFE	
VFFF	
VFFG	
VFFH	
VFFI	
VFFJ	
VFFK	
VFFL	
VFFM	
VFFN	
VFFO	
VFFP	
VFFQ	
VFFR	
VFFS	
VFFT	
VFFU	
VFFV	
VFFW	
VFFX	
VFFY	
VFFZ	
VFGA	
VFGB	
VFGC	
VFGD	
VFGE	
VFGF	
VFGG	
VFGH	
VFGI	
VFGJ	
VFGK	
VFGL	
VFGM	
VFGN	
VFGO	
VFGP	
VFGQ	
VFGR	
VFGS	
VFGT	
VFGU	
VFGV	
VFGW	
VFGX	
VFGY	
VFGZ	
VFHA	
VFHB	
VFHC	
VFHD	
VFHE	
VFHF	
VFHG	
VFHH	
VFHI	
VFHJ	
VFHK	
VFHL	
VFHM	
VFHN	
VFHO	
VFHP	
VFHQ	
VFHR	
VFHS	
VFHT	
VFHU	
VFHV	
VFHW	
VFHX	
VFHY	
VFHZ	
VFIA	
VFIB	
VFIC	
VFID	
VFIE	
VFIF	
VFIG	
VFIH	
VFII	
VFIJ	
VFIK	
VFIL	
VFIM	
VFIN	
VFIO	
VFIP	
VFIQ	
VFIR	
VFIS	
VFIT	
VFIU	
VFIV	
VFIW	
VFIX	
VFIY	
VFIZ	
VFJA	
VFJB	
VFJC	
VFJD	
VFJE	
VFJF	
VFJG	
VFJH	
VFJI	
VFJJ	
VFJK	
VFJL	
VFJM	
VFJN	
VFJO	
VFJP	
VFJQ	
VFJR	
VFJS	
VFJT	
VFJU	
VFJV	
VFJW	
VFJX	
VFJY	
VFJZ	
VFKA	
VFKB	
VFKC	
VFKD	
VFKE	
VFKF	
VFKG	
VFKH	
VFKI	
VFKJ	
VFKK	
VFKL	
VFKM	
VFKN	
VFKO	
VFKP	
VFKQ	
VFKR	
VFKS	
VFKT	
VFKU	
VFKV	
VFKW	
VFKX	
VFKY	
VFKZ	
VFLA	
VFLB	
VFLC	
VFLD	
VFLE	
VFLF	
VFLG	
VFLH	
VFLI	
VFLJ	
VFLK	
VFLL	
VFLM	
VFLN	
VFLO	
VFLP	
VFLQ	
VFLR	
VFLS	
VFLT	
VFLU	
VFLV	
VFLW	
VFLX	
VFLY	
VFLZ	
VFMA	
VFMB	
VFMC	
VFMD	
VFME	
VFMF	
VFMG	
VFMH	
VFMI	
VFMJ	
VFMK	
VFML	
VFMM	
VFMN	
VFMO	
VFMP	
VFMQ	
VFMR	
VFMS	
VFMT	
VFMU	
VFMV	
VFMW	
VFMX	
VFMY	
VFMZ	
VFNA	
VFNB	
VFNC	
VFND	
VFNE	
VFNF	
VFNG	
VFNH	
VFNI	
VFNJ	
VFNK	
VFNL	
VFNM	
VFNN	
VFNO	
VFNP	
VFNQ	
VFNR	
VFNS	
VFNT	
VFNU	
VFNV	
VFNW	
VFNX	
VFNY	
VFNZ	
VFOA	
VFOB	
VFOC	
VFOD	
VFOE	
VFOF	
VFOG	
VFOH	
VFOI	
VFOJ	
VFOK	
VFOL	
VFOM	
VFON	
VFOO	
VFOP	
VFOQ	
VFOR	
VFOS	
VFOT	
VFOU	
VFOV	
VFOW	
VFOX	
VFOY	
VFOZ	
VFPA	
VFPB	
VFPC	
VFPD	
VFPE	
VFPF	
VFPG	
VFPH	
VFPI	
VFPJ	
VFPK	
VFPL	
VFPM	
VFPN	
VFPO	
VFPP	
VFPQ	
VFPR	
VFPS	
VFPT	
VFPU	
VFPV	
VFPW	
VFPX	
VFPY	
VFPZ	
VFQA	
VFQB	
VFQC	
VFQD	
VFQE	
VFQF	
VFQG	
VFQH	
VFQI	
VFQJ	
VFQK	
VFQL	
VFQM	
VFQN	
VFQO	
VFQP	
VFQQ	
VFQR	
VFQS	
VFQT	
VFQU	
VFQV	
VFQW	
VFQX	
VFQY	
VFQZ	
VFRA	
VFRB	
VFRC	
VFRD	
VFRE	
VFRF	
VFRG	
VFRH	
VFRI	
VFRJ	
VFRK	
VFRL	
VFRM	
VFRN	
VFRO	
VFRP	
VFRQ	
VFRR	
VFRS	
VFRT	
VFRU	
VFRV	
VFRW	
VFRX	
VFRY	
VFRZ	
VFSA	
VFSB	
VFSC	
VFSD	
VFSE	
VFSF	
VFSG	
VFSH	
VFSI	
VFSJ	
VFSK	
VFSL	
VFSM	
VFSN	
VFSO	
VFSP	
VFSQ	
VFSR	
VFSS	
VFST	
VFSU	
VFSV	
VFSW	
VFSX	
VFSY	
VFSZ	
VFTA	
VFTB	
VFTC	
VFTD	
VFTE	
VFTF	
VFTG	
VFTH	
VFTI	
VFTJ	
VFTK	
VFTL	
VFTM	
VFTN	
VFTO	
VFTP	
VFTQ	
VFTR	
VFTS	
VFTT	
VFTU	
VFTV	
VFTW	
VFTX	
VFTY	
VFTZ	
VFUA	
VFUB	
VFUC	
VFUD	
VFUE	
VFUF	
VFUG	
VFUH	
VFUI	
VFUJ	
VFUK	
VFUL	
VFUM	
VFUN	
VFUO	
VFUP	
VFUQ	
VFUR	
VFUS	
VFUT	
VFUU	
VFUV	
VFUW	
VFUX	
VFUY	
VFUZ	
VFVA	
VFVB	
VFVC	
VFVD	
VFVE	
VFVF	
VFVG	
VFVH	
VFVI	
VFVJ	
VFVK	
VFVL	
VFVM	
VFVN	
VFVO	
VFVP	
VFVQ	
VFVR	
VFVS	
VFVT	
VFVU	
VFVV	
VFVW	
VFVX	
VFVY	
VFVZ	
VFWA	
VFWB	
VFWC	
VFWD	
VFWE	
VFWF	
VFWG	
VFWH	
VFWI	
VFWJ	
VFWK	
VFWL	
VFWM	
VFWN	
VFWO	
VFWP	
VFWQ	
VFWR	
VFWS	
VFWT	
VFWU	
VFWV	
VFWW	
VFWX	
VFWY	
VFWZ	
VFXA	
VFXB	
VFXC	
VFXD	
VFXE	
VFXF	
VFXG	
VFXH	
VFXI	
VFXJ	
VFXK	
VFXL	
VFXM	
VFXN	
VFXO	
VFXP	
VFXQ	
VFXR	
VFXS	
VFXT	
VFXU	
VFXV	
VFXW	
VFXX	
VFXY	
VFXZ	
VFYA	
VFYB	
VFYC	
VFYD	
VFYE	
VFYF	
VFYG	
VFYH	
VFYI	
VFYJ	
VFYK	
VFYL	
VFYM	
VFYN	
VFYO	
VFYP	
VFYQ	
VFYR	
VFYS	
VFYT	
VFYU	
VFYV	
VFYW	
VFYX	
VFYY	
VFYZ	
VFZA	
VFZB	
VFZC	
VFZD	
VFZE	
VFZF	
VFZG	
VFZH	
VFZI	
VFZJ	
VFZK	
VFZL	
VFZM	
VFZN	
VFZO	
VFZP	
VFZQ	
VFZR	
VFZS	
VFZT	
VFZU	
VFZV	
VFZW	
VFZX	
VFZY	
VFZZ	
VGAA	
VGAB	
VGAC	
VGAD	
VGAE	
VGAF	
VGAG	
VGAH	
VGAI	
VGAJ	
VGAK	
VGAL	
VGAM	
VGAN	
VGAO	
VGAP	
VGAQ	
VGAR	
VGAS	
VGAT	
VGAU	
VGAV	
VGAW	
VGAX	
VGAY	
VGAZ	
VGBA	
VGBB	
VGBC	
VGBD	
VGBE	
VGBF	
VGBG	
VGBH	
VGBI	
VGBJ	
VGBK	
VGBL	
VGBM	
VGBN	
VGBO	
VGBP	
VGBQ	
VGBR	
VGBS	
VGBT	
VGBU	
VGBV	
VGBW	
VGBX	
VGBY	
VGBZ	
VGCA	
VGCB	
VGCC	
VGCD	
VGCE	
VGCF	
VGCG	
VGCH	
VGCI	
VGCJ	
VGCK	
VGCL	
VGCM	
VGCN	
VGCO	
VGCP	
VGCQ	
VGCR	
VGCS	
VGCT	
VGCU	
VGCV	
VGCW	
VGCX	
VGCY	
VGCZ	
VGDA	
VGDB	
VGDC	
VGDD	
VGDE	
VGDF	
VGDG	
VGDH	
VGDI	
VGDJ	
VGDK	
VGDL	
VGDM	
VGDN	
VGDO	
VGDP	
VGDQ	
VGDR	
VGDS	
VGDT	
VGDU	
VGDV	
VGDW	
VGDX	
VGDY	
VGDZ	
VGEA	
VGEB	
VGEC	
VGED	
VGEE	
VGEF	
VGEG	
VGEH	
VGEI	
VGEJ	
VGEK	
VGEL	
VGEM	
VGEN	
VGEO	
VGEP	
VGEQ	
VGER	
VGES	
VGET	
VGEU	
VGEV	
VGEW	
VGEX	
VGEY	
VGEZ	
VGFA	
VGFB	
VGFC	
VGFD	
VGFE	
VGFF	
VGFG	
VGFH	
VGFI	
VGFJ	
VGFK	
VGFL	
VGFM	
VGFN	
VGFO	
VGFP	
VGFQ	
VGFR	
VGFS	
VGFT	
VGFU	
VGFV	
VGFW	
VGFX	
VGFY	
VGFZ	
VGGA	
VGGB	
VGGC	
VGGD	
VGGE	
VGGF	
VGGG	
VGGH	
VGGI	
VGGJ	
VGGK	
VGGL	
VGGM	
VGGN	
VGGO	
VGGP	
VGGQ	
VGGR	
VGGS	
VGGT	
VGGU	
VGGV	
VGGW	
VGGX	
VGGY	
VGGZ	
VGHA	
VGHB	
VGHC	
VGHD	
VGHE	
VGHF	
VGHG	
VGHH	
VGHI	
VGHJ	
VGHK	
VGHL	
VGHM	
VGHN	
VGHO	
VGHP	
VGHQ	
VGHR	
VGHS	
VGHT	
VGHU	
VGHV	
VGHW	
VGHX	
VGHY	
VGHZ	
VGIA	
VGIB	
VGIC	
VGID	
VGIE	
VGIF	
VGIG	
VGIH	
VGII	
VGIJ	
VGIK	
VGIL	
VGIM	
VGIN	
VGIO	
VGIP	
VGIQ	
VGIR	
VGIS	
VGIT	
VGIU	
VGIV	
VGIW	
VGIX	
VGIY	
VGIZ	
VGJA	
VGJB	
VGJC	
VGJD	
VGJE	
VGJF	
VGJG	
VGJH	
VGJI	
VGJJ	
VGJK	
VGJL	
VGJM	
VGJN	
VGJO	
VGJP	
VGJQ	
VGJR	
VGJS	
VGJT	
VGJU	
VGJV	
VGJW	
VGJX	
VGJY	
VGJZ	
VGKA	
VGKB	
VGKC	
VGKD	
VGKE	
VGKF	
VGKG	
VGKH	
VGKI	
VGKJ	
VGKK	
VGKL	
VGKM	
VGKN	
VGKO	
VGKP	
VGKQ	
VGKR	
VGKS	
VGKT	
VGKU	
VGKV	
VGKW	
VGKX	
VGKY	
VGKZ	
VGLA	
VGLB	
VGLC	
VGLD	
VGLE	
VGLF	
VGLG	
VGLH	
VGLI	
VGLJ	
VGLK	
VGLL	
VGLM	
VGLN	
VGLO	
VGLP	
VGLQ	
VGLR	
VGLS	
VGLT	
VGLU	
VGLV	
VGLW	
VGLX	
VGLY	
VGLZ	
VGMA	
VGMB	
VGMC	
VGMD	
VGME	
VGMF	
VGMG	
VGMH	
VGMI	
VGMJ	
VGMK	
VGML	
VGMM	
VGMN	
VGMO	
VGMP	
VGMQ	
VGMR	
VGMS	
VGMT	
VGMU	
VGMV	
VGMW	
VGMX	
VGMY	
VGMZ	
VGNA	
VGNB	
VGNC	
VGND	
VGNE	
VGNF	
VGNG	
VGNH	
VGNI	
VGNJ	
VGNK	
VGNL	
VGNM	
VGNN	
VGNO	
VGNP	
VGNQ	
VGNR	
VGNS	
VGNT	
VGNU	
VGNV	
VGNW	
VGNX	
VGNY	
VGNZ	
VGOA	
VGOB	
VGOC	
VGOD	
VGOE	
VGOF	
VGOG	
VGOH	
VGOI	
VGOJ	
VGOK	
VGOL	
VGOM	
VGON	
VGOO	
VGOP	
VGOQ	
VGOR	
VGOS	
VGOT	
VGOU	
VGOV	
VGOW	
VGOX	
VGOY	
VGOZ	
VGPA	
VGPB	
VGPC	
VGPD	
VGPE	
VGPF	
VGPG	
VGPH	
VGPI	
VGPJ	
VGPK	
VGPL	
VGPM	
VGPN	
VGPO	
VGPP	
VGPQ	
VGPR	
VGPS	
VGPT	
VGPU	
VGPV	
VGPW	
VGPX	
VGPY	
VGPZ	
VGQA	
VGQB	
VGQC	
VGQD	
VGQE	
VGQF	
VGQG	
VGQH	
VGQI	
VGQJ	
VGQK	
VGQL	
VGQM	
VGQN	
VGQO	
VGQP	
VGQQ	
VGQR	
VGQS	
VGQT	
VGQU	
VGQV	
VGQW	
VGQX	
VGQY	
VGQZ	
VGRA	
VGRB	
VGRC	
VGRD	
VGRE	
VGRF	
VGRG	
VGRH	
VGRI	
VGRJ	
VGRK	
VGRL	
VGRM	
VGRN	
VGRO	
VGRP	
VGRQ	
VGRR	
VGRS	
VGRT	
VGRU	
VGRV	
VGRW	
VGRX	
VGRY	
VGRZ	
VGSA	
VGSB	
VGSC	
VGSD	
VGSE	
VGSF	
VGSG	
VGSH	
VGSI	
VGSJ	
VGSK	
VGSL	
VGSM	
VGSN	
VGSO	
VGSP	
VGSQ	
VGSR	
VGSS	
VGST	
VGSU	
VGSV	
VGSW	
VGSX	
VGSY	
VGSZ	
VGTA	
VGTB	
VGTC	
VGTD	
VGTE	
VGTF	
VGTG	
VGTH	
VGTI	
VGTJ	
VGTK	
VGTL	
VGTM	
VGTN	
VGTO	
VGTP	
VGTQ	
VGTR	
VGTS	
VGTT	
VGTU	
VGTV	
VGTW	
VGTX	
VGTY	
VGTZ	
VGUA	
VGUB	
VGUC	
VGUD	
VGUE	
VGUF	
VGUG	
VGUH	
VGUI	
VGUJ	
VGUK	
VGUL	
VGUM	
VGUN	
VGUO	
VGUP	
VGUQ	
VGUR	
VGUS	
VGUT	
VGUU	
VGUV	
VGUW	
VGUX	
VGUY	
VGUZ	
VGVA	
VGVB	
VGVC	
VGVD	
VGVE	
VGVF	
VGVG	
VGVH	
VGVI	
VGVJ	
VGVK	
VGVL	
VGVM	
VGVN	
VGVO	
VGVP	
VGVQ	
VGVR	
VGVS	
VGVT	
VGVU	
VGVV	
VGVW	
VGVX	
VGVY	
VGVZ	
VGWA	
VGWB	
VGWC	
VGWD	
VGWE	
VGWF	
VGWG	
VGWH	
VGWI	
VGWJ	
VGWK	
VGWL	
VGWM	
VGWN	
VGWO	
VGWP	
VGWQ	
VGWR	
VGWS	
VGWT	
VGWU	
VGWV	
VGWW	
VGWX	
VGWY	
VGWZ	
VGXA	
VGXB	
VGXC	
VGXD	
VGXE	
VGXF	
VGXG	
VGXH	
VGXI	
VGXJ	
VGXK	
VGXL	
VGXM	
VGXN	
VGXO	
VGXP	
VGXQ	
VGXR	
VGXS	
VGXT	
VGXU	
VGXV	
VGXW	
VGXX	
VGXY	
VGXZ	
VGYA	
VGYB	
VGYC	
VGYD	
VGYE	
VGYF	
VGYG	
VGYH	
VGYI	
VGYJ	
VGYK	
VGYL	
VGYM	
VGYN	
VGYO	
VGYP	
VGYQ	
VGYR	
VGYS	
VGYT	
VGYU	
VGYV	
VGYW	
VGYX	
VGYY	
VGYZ	
VGZA	
VGZB	
VGZC	
VGZD	
VGZE	
VGZF	
VGZG	
VGZH	
VGZI	
VGZJ	
VGZK	
VGZL	
VGZM	
VGZN	
VGZO	
VGZP	
VGZQ	
VGZR	
VGZS	
VGZT	
VGZU	
VGZV	
VGZW	
VGZX	
VGZY	
VGZZ	
VHAA	
VHAB	
VHAC	
VHAD	
VHAE	
VHAF	
VHAG	
VHAH	
VHAI	
VHAJ	
VHAK	
VHAL	
VHAM	
VHAN	
VHAO	
VHAP	
VHAQ	
VHAR	
VHAS	
VHAT	
VHAU	
VHAV	
VHAW	
VHAX	
VHAY	
VHAZ	
VHBA	
VHBB	
VHBC	
VHBD	
VHBE	
VHBF	
VHBG	
VHBH	
VHBI	
VHBJ	
VHBK	
VHBL	
VHBM	
VHBN	
VHBO	
VHBP	
VHBQ	
VHBR	
VHBS	
VHBT	
VHBU	
VHBV	
VHBW	
VHBX	
VHBY	
VHBZ	
VHCA	
VHCB	
VHCC	
VHCD	
VHCE	
VHCF	
VHCG	
VHCH	
VHCI	
VHCJ	
VHCK	
VHCL	
VHCM	
VHCN	
VHCO	
VHCP	
VHCQ	
VHCR	
VHCS	
VHCT	
VHCU	
VHCV	
VHCW	
VHCX	
VHCY	
VHCZ	
VHDA	
VHDB	
VHDC	
VHDD	
VHDE	
VHDF	
VHDG	
VHDH	
VHDI	
VHDJ	
VHDK	
VHDL	
VHDM	
VHDN	
VHDO	
VHDP	
VHDQ	
VHDR	
VHDS	
VHDT	
VHDU	
VHDV	
VHDW	
VHDX	
VHDY	
VHDZ	
VHEA	
VHEB	
VHEC	
VHED	
VHEE	
VHEF	
VHEG	
VHEH	
VHEI	
VHEJ	
VHEK	
VHEL	
VHEM	
VHEN	
VHEO	
VHEP	
VHEQ	
VHER	
VHES	
VHET	
VHEU	
VHEV	
VHEW	
VHEX	
VHEY	
VHEZ	
VHFA	
VHFB	
VHFC	
VHFD	
VHFE	
VHFF	
VHFG	
VHFH	
VHFI	
VHFJ	
VHFK	
VHFL	
VHFM	
VHFN	
VHFO	
VHFP	
VHFQ	
VHFR	
VHFS	
VHFT	
VHFU	
VHFV	
VHFW	
VHFX	
VHFY	
VHFZ	
VHGA	
VHGB	
VHGC	
VHGD	
VHGE	
VHGF	
VHGG	
VHGH	
VHGI	
VHGJ	
VHGK	
VHGL	
VHGM	
VHGN	
VHGO	
VHGP	
VHGQ	
VHGR	
VHGS	
VHGT	
VHGU	
VHGV	
VHGW	
VHGX	
VHGY	
VHGZ	
VHHA	
VHHB	
VHHC	
VHHD	
VHHE	
VHHF	
VHHG	
VHHH	
VHHI	
VHHJ	
VHHK	
VHHL	
VHHM	
VHHN	
VHHO	
VHHP	
VHHQ	
VHHR	
VHHS	
VHHT	
VHHU	
VHHV	
VHHW	
VHHX	
VHHY	
VHHZ	
VHIA	
VHIB	
VHIC	
VHID	
VHIE	
VHIF	
VHIG	
VHIH	
VHII	
VHIJ	
VHIK	
VHIL	
VHIM	
VHIN	
VHIO	
VHIP	
VHIQ	
VHIR	
VHIS	
VHIT	
VHIU	
VHIV	
VHIW	
VHIX	
VHIY	
VHIZ	
VHJA	
VHJB	
VHJC	
VHJD	
VHJE	
VHJF	
VHJG	
VHJH	
VHJI	
VHJJ	
VHJK	
VHJL	
VHJM	
VHJN	
VHJO	
VHJP	
VHJQ	
VHJR	
VHJS	
VHJT	
VHJU	
VHJV	
VHJW	
VHJX	
VHJY	
VHJZ	
VHKA	
VHKB	
VHKC	
VHKD	
VHKE	
VHKF	
VHKG	
VHKH	
VHKI	
VHKJ	
VHKK	
VHKL	
VHKM	
VHKN	
VHKO	
VHKP	
VHKQ	
VHKR	
VHKS	
VHKT	
VHKU	
VHKV	
VHKW	
VHKX	
VHKY	
VHKZ	
VHLA	
VHLB	
VHLC	
VHLD	
VHLE	
VHLF	
VHLG	
VHLH	
VHLI	
VHLJ	
VHLK	
VHLL	
VHLM	
VHLN	
VHLO	
VHLP	
VHLQ	
VHLR	
VHLS	
VHLT	
VHLU	
VHLV	
VHLW	
VHLX	
VHLY	
VHLZ	
VHMA	
VHMB	
VHMC	
VHMD	
VHME	
VHMF	
VHMG	
VHMH	
VHMI	
VHMJ	
VHMK	
VHML	
VHMM	
VHMN	
VHMO	
VHMP	
VHMQ	
VHMR	
VHMS	
VHMT	
VHMU	
VHMV	
VHMW	
VHMX	
VHMY	
VHMZ	
VHNA	
VHNB	
VHNC	
VHND	
VHNE	
VHNF	
VHNG	
VHNH	
VHNI	
VHNJ	
VHNK	
VHNL	
VHNM	
VHNN	
VHNO	
VHNP	
VHNQ	
VHNR	
VHNS	
VHNT	
VHNU	
VHNV	
VHNW	
VHNX	
VHNY	
VHNZ	
VHOA	
VHOB	
VHOC	
VHOD	
VHOE	
VHOF	
VHOG	
VHOH	
VHOI	
VHOJ	
VHOK	
VHOL	
VHOM	
VHON	
VHOO	
VHOP	
VHOQ	
VHOR	
VHOS	
VHOT	
VHOU	
VHOV	
VHOW	
VHOX	
VHOY	
VHOZ	
VHPA	
VHPB	
VHPC	
VHPD	
VHPE	
VHPF	
VHPG	
VHPH	
VHPI	
VHPJ	
VHPK	
VHPL	
VHPM	
VHPN	
VHPO	
VHPP	
VHPQ	
VHPR	
VHPS	
VHPT	
VHPU	
VHPV	
VHPW	
VHPX	
VHPY	
VHPZ	
VHQA	
VHQB	
VHQC	
VHQD	
VHQE	
VHQF	
VHQG	
VHQH	
VHQI	
VHQJ	
VHQK	
VHQL	
VHQM	
VHQN	
VHQO	
VHQP	
VHQQ	
VHQR	
VHQS	
VHQT	
VHQU	
VHQV	
VHQW	
VHQX	
VHQY	
VHQZ	
VHRA	
VHRB	
VHRC	
VHRD	
VHRE	
VHRF	
VHRG	
VHRH	
VHRI	
VHRJ	
VHRK	
VHRL	
VHRM	
VHRN	
VHRO	
VHRP	
VHRQ	
VHRR	
VHRS	
VHRT	
VHRU	
VHRV	
VHRW	
VHRX	
VHRY	
VHRZ	
VHSA	
VHSB	
VHSC	
VHSD	
VHSE	
VHSF	
VHSG	
VHSH	
VHSI	
VHSJ	
VHSK	
VHSL	
VHSM	
VHSN	
VHSO	
VHSP	
VHSQ	
VHSR	
VHSS	
VHST	
VHSU	
VHSV	
VHSW	
VHSX	
VHSY	
VHSZ	
VHTA	
VHTB	
VHTC	
VHTD	
VHTE	
VHTF	
VHTG	
VHTH	
VHTI	
VHTJ	
VHTK	
VHTL	
VHTM	
VHTN	
VHTO	
VHTP	
VHTQ	
VHTR	
VHTS	
VHTT	
VHTU	
VHTV	
VHTW	
VHTX	
VHTY	
VHTZ	
VHUA	
VHUB	
VHUC	
VHUD	
VHUE	
VHUF	
VHUG	
VHUH	
VHUI	
VHUJ	
VHUK	
VHUL	
VHUM	
VHUN	
VHUO	
VHUP	
VHUQ	
VHUR	
VHUS	
VHUT	
VHUU	
VHUV	
VHUW	
VHUX	
VHUY	
VHUZ	
VHVA	
VHVB	
VHVC	
VHVD	
VHVE	
VHVF	
VHVG	
VHVH	
VHVI	
VHVJ	
VHVK	
VHVL	
VHVM	
VHVN	
VHVO	
VHVP	
VHVQ	
VHVR	
VHVS	
VHVT	
VHVU	
VHVV	
VHVW	
VHVX	
VHVY	
VHVZ	
VHWA	
VHWB	
VHWC	
VHWD	
VHWE	
VHWF	
VHWG	
VHWH	
VHWI	
VHWJ	
VHWK	
VHWL	
VHWM	
VHWN	
VHWO	
VHWP	
VHWQ	
VHWR	
VHWS	
VHWT	
VHWU	
VHWV	
VHWW	
VHWX	
VHWY	
VHWZ	
VHXA	
VHXB	
VHXC	
VHXD	
VHXE	
VHXF	
VHXG	
VHXH	
VHXI	
VHXJ	
VHXK	
VHXL	
VHXM	
VHXN	
VHXO	
VHXP	
VHXQ	
VHXR	
VHXS	
VHXT	
VHXU	
VHXV	
VHXW	
VHXX	
VHXY	
VHXZ	
VHYA	
VHYB	
VHYC	
VHYD	
VHYE	
VHYF	
VHYG	
VHYH	
VHYI	
VHYJ	
VHYK	
VHYL	
VHYM	
VHYN	
VHYO	
VHYP	
VHYQ	
VHYR	
VHYS	
VHYT	
VHYU	
VHYV	
VHYW	
VHYX	
VHYY	
VHYZ	
VHZA	
VHZB	
VHZC	
VHZD	
VHZE	
VHZF	
VHZG	
VHZH	
VHZI	
VHZJ	
VHZK	
VHZL	
VHZM	
VHZN	
VHZO	
VHZP	
VHZQ	
VHZR	
VHZS	
VHZT	
VHZU	
VHZV	
VHZW	
VHZX	
VHZY	
VHZZ	
VIAA	
VIAB	
VIAC	
VIAD	
VIAE	
VIAF	
VIAG	
VIAH	
VIAI	
VIAJ	
VIAK	
VIAL	
VIAM	
VIAN	
VIAO	
VIAP	
VIAQ	
VIAR	
VIAS	
VIAT	
VIAU	
VIAV	
VIAW	
VIAX	
VIAY	
VIAZ	
VIBA	
VIBB	
VIBC	
VIBD	
VIBE	
VIBF	
VIBG	
VIBH	
VIBI	
VIBJ	
VIBK	
VIBL	
VIBM	
VIBN	
VIBO	
VIBP	
VIBQ	
VIBR	
VIBS	
VIBT	
VIBU	
VIBV	
VIBW	
VIBX	
VIBY	
VIBZ	
VICA	
VICB	
VICC	
VICD	
VICE	
VICF	
VICG	
VICH	
VICI	
VICJ	
VICK	
VICL	
VICM	
VICN	
VICO	
VICP	
VICQ	
VICR	
VICS	
VICT	
VICU	
VICV	
VICW	
VICX	
VICY	
VICZ	
VIDA	
VIDB	
VIDC	
VIDD	
VIDE	
VIDF	
VIDG	
VIDH	
VIDI	
VIDJ	
VIDK	
VIDL	
VIDM	
VIDN	
VIDO	
VIDP	
VIDQ	
VIDR	
VIDS	
VIDT	
VIDU	
VIDV	
VIDW	
VIDX	
VIDY	
VIDZ	
VIEA	
VIEB	
VIEC	
VIED	
VIEE	
VIEF	
VIEG	
VIEH	
VIEI	
VIEJ	
VIEK	
VIEL	
VIEM	
VIEN	
VIEO	
VIEP	
VIEQ	
VIER	
VIES	
VIET	
VIEU	
VIEV	
VIEW	
VIEX	
VIEY	
VIEZ	
VIFA	
VIFB	
VIFC	
VIFD	
VIFE	
VIFF	
VIFG	
VIFH	
VIFI	
VIFJ	
VIFK	
VIFL	
VIFM	
VIFN	
VIFO	
VIFP	
VIFQ	
VIFR	
VIFS	
VIFT	
VIFU	
VIFV	
VIFW	
VIFX	
VIFY	
VIFZ	
VIGA	
VIGB	
VIGC	
VIGD	
VIGE	
VIGF	
VIGG	
VIGH	
VIGI	
VIGJ	
VIGK	
VIGL	
VIGM	
VIGN	
VIGO	
VIGP	
VIGQ	
VIGR	
VIGS	
VIGT	
VIGU	
VIGV	
VIGW	
VIGX	
VIGY	
VIGZ	
VIHA	
VIHB	
VIHC	
VIHD	
VIHE	
VIHF	
VIHG	
VIHH	
VIHI	
VIHJ	
VIHK	
VIHL	
VIHM	
VIHN	
VIHO	
VIHP	
VIHQ	
VIHR	
VIHS	
VIHT	
VIHU	
VIHV	
VIHW	
VIHX	
VIHY	
VIHZ	
VIIA	
VIIB	
VIIC	
VIID	
VIIE	
VIIF	
VIIG	
VIIH	
VIII	
VIIJ	
VIIK	
VIIL	
VIIM	
VIIN	
VIIO	
VIIP	
VIIQ	
VIIR	
VIIS	
VIIT	
VIIU	
VIIV	
VIIW	
VIIX	
VIIY	
VIIZ	
VIJA	
VIJB	
VIJC	
VIJD	
VIJE	
VIJF	
VIJG	
VIJH	
VIJI	
VIJJ	
VIJK	
VIJL	
VIJM	
VIJN	
VIJO	
VIJP	
VIJQ	
VIJR	
VIJS	
VIJT	
VIJU	
VIJV	
VIJW	
VIJX	
VIJY	
VIJZ	
VIKA	
VIKB	
VIKC	
VIKD	
VIKE	
VIKF	
VIKG	
VIKH	
VIKI	
VIKJ	
VIKK	
VIKL	
VIKM	
VIKN	
VIKO	
VIKP	
VIKQ	
VIKR	
VIKS	
VIKT	
VIKU	
VIKV	
VIKW	
VIKX	
VIKY	
VIKZ	
VILA	
VILB	
VILC	
VILD	
VILE	
VILF	
VILG	
VILH	
VILI	
VILJ	
VILK	
VILL	
VILM	
VILN	
VILO	
VILP	
VILQ	
VILR	
VILS	
VILT	
VILU	
VILV	
VILW	
VILX	
VILY	
VILZ	
VIMA	
VIMB	
VIMC	
VIMD	
VIME	
VIMF	
VIMG	
VIMH	
VIMI	
VIMJ	
VIMK	
VIML	
VIMM	
VIMN	
VIMO	
VIMP	
VIMQ	
VIMR	
VIMS	
VIMT	
VIMU	
VIMV	
VIMW	
VIMX	
VIMY	
VIMZ	
VINA	
VINB	
VINC	
VIND	
VINE	
VINF	
VING	
VINH	
VINI	
VINJ	
VINK	
VINL	
VINM	
VINN	
VINO	
VINP	
VINQ	
VINR	
VINS	
VINT	
VINU	
VINV	
VINW	
VINX	
VINY	
VINZ	
VIOA	
VIOB	
VIOC	
VIOD	
VIOE	
VIOF	
VIOG	
VIOH	
VIOI	
VIOJ	
VIOK	
VIOL	
VIOM	
VION	
VIOO	
VIOP	
VIOQ	
VIOR	
VIOS	
VIOT	
VIOU	
VIOV	
VIOW	
VIOX	
VIOY	
VIOZ	
VIPA	
VIPB	
VIPC	
VIPD	
VIPE	
VIPF	
VIPG	
VIPH	
VIPI	
VIPJ	
VIPK	
VIPL	
VIPM	
VIPN	
VIPO	
VIPP	
VIPQ	
VIPR	
VIPS	
VIPT	
VIPU	
VIPV	
VIPW	
VIPX	
VIPY	
VIPZ	
VIQA	
VIQB	
VIQC	
VIQD	
VIQE	
VIQF	
VIQG	
VIQH	
VIQI	
VIQJ	
VIQK	
VIQL	
VIQM	
VIQN	
VIQO	
VIQP	
VIQQ	
VIQR	
VIQS	
VIQT	
VIQU	
VIQV	
VIQW	
VIQX	
VIQY	
VIQZ	
VIRA	
VIRB	
VIRC	
VIRD	
VIRE	
VIRF	
VIRG	
VIRH	
VIRI	
VIRJ	
VIRK	
VIRL	
VIRM	
VIRN	
VIRO	
VIRP	
VIRQ	
VIRR	
VIRS	
VIRT	
VIRU	
VIRV	
VIRW	
VIRX	
VIRY	
VIRZ	
VISA	
VISB	
VISC	
VISD	
VISE	
VISF	
VISG	
VISH	
VISI	
VISJ	
VISK	
VISL	
VISM	
VISN	
VISO	
VISP	
VISQ	
VISR	
VISS	
VIST	
VISU	
VISV	
VISW	
VISX	
VISY	
VISZ	
VITA	
VITB	
VITC	
VITD	
VITE	
VITF	
VITG	
VITH	
VITI	
VITJ	
VITK	
VITL	
VITM	
VITN	
VITO	
VITP	
VITQ	
VITR	
VITS	
VITT	
VITU	
VITV	
VITW	
VITX	
VITY	
VITZ	
VIUA	
VIUB	
VIUC	
VIUD	
VIUE	
VIUF	
VIUG	
VIUH	
VIUI	
VIUJ	
VIUK	
VIUL	
VIUM	
VIUN	
VIUO	
VIUP	
VIUQ	
VIUR	
VIUS	
VIUT	
VIUU	
VIUV	
VIUW	
VIUX	
VIUY	
VIUZ	
VIVA	
VIVB	
VIVC	
VIVD	
VIVE	
VIVF	
VIVG	
VIVH	
VIVI	
VIVJ	
VIVK	
VIVL	
VIVM	
VIVN	
VIVO	
VIVP	
VIVQ	
VIVR	
VIVS	
VIVT	
VIVU	
VIVV	
VIVW	
VIVX	
VIVY	
VIVZ	
VIWA	
VIWB	
VIWC	
VIWD	
VIWE	
VIWF	
VIWG	
VIWH	
VIWI	
VIWJ	
VIWK	
VIWL	
VIWM	
VIWN	
VIWO	
VIWP	
VIWQ	
VIWR	
VIWS	
VIWT	
VIWU	
VIWV	
VIWW	
VIWX	
VIWY	
VIWZ	
VIXA	
VIXB	
VIXC	
VIXD	
VIXE	
VIXF	
VIXG	
VIXH	
VIXI	
VIXJ	
VIXK	
VIXL	
VIXM	
VIXN	
VIXO	
VIXP	
VIXQ	
VIXR	
VIXS	
VIXT	
VIXU	
VIXV	
VIXW	
VIXX	
VIXY	
VIXZ	
VIYA	
VIYB	
VIYC	
VIYD	
VIYE	
VIYF	
VIYG	
VIYH	
VIYI	
VIYJ	
VIYK	
VIYL	
VIYM	
VIYN	
VIYO	
VIYP	
VIYQ	
VIYR	
VIYS	
VIYT	
VIYU	
VIYV	
VIYW	
VIYX	
VIYY	
VIYZ	
VIZA	
VIZB	
VIZC	
VIZD	
VIZE	
VIZF	
VIZG	
VIZH	
VIZI	
VIZJ	
VIZK	
VIZL	
VIZM	
VIZN	
VIZO	
VIZP	
VIZQ	
VIZR	
VIZS	
VIZT	
VIZU	
VIZV	
VIZW	
VIZX	
VIZY	
VIZZ	
VJAA	
VJAB	
VJAC	
VJAD	
VJAE	
VJAF	
VJAG	
VJAH	
VJAI	
VJAJ	
VJAK	
VJAL	
VJAM	
VJAN	
VJAO	
VJAP	
VJAQ	
VJAR	
VJAS	
VJAT	
VJAU	
VJAV	
VJAW	
VJAX	
VJAY	
VJAZ	
VJBA	
VJBB	
VJBC	
VJBD	
VJBE	
VJBF	
VJBG	
VJBH	
VJBI	
VJBJ	
VJBK	
VJBL	
VJBM	
VJBN	
VJBO	
VJBP	
VJBQ	
VJBR	
VJBS	
VJBT	
VJBU	
VJBV	
VJBW	
VJBX	
VJBY	
VJBZ	
VJCA	
VJCB	
VJCC	
VJCD	
VJCE	
VJCF	
VJCG	
VJCH	
VJCI	
VJCJ	
VJCK	
VJCL	
VJCM	
VJCN	
VJCO	
VJCP	
VJCQ	
VJCR	
VJCS	
VJCT	
VJCU	
VJCV	
VJCW	
VJCX	
VJCY	
VJCZ	
VJDA	
VJDB	
VJDC	
VJDD	
VJDE	
VJDF	
VJDG	
VJDH	
VJDI	
VJDJ	
VJDK	
VJDL	
VJDM	
VJDN	
VJDO	
VJDP	
VJDQ	
VJDR	
VJDS	
VJDT	
VJDU	
VJDV	
VJDW	
VJDX	
VJDY	
VJDZ	
VJEA	
VJEB	
VJEC	
VJED	
VJEE	
VJEF	
VJEG	
VJEH	
VJEI	
VJEJ	
VJEK	
VJEL	
VJEM	
VJEN	
VJEO	
VJEP	
VJEQ	
VJER	
VJES	
VJET	
VJEU	
VJEV	
VJEW	
VJEX	
VJEY	
VJEZ	
VJFA	
VJFB	
VJFC	
VJFD	
VJFE	
VJFF	
VJFG	
VJFH	
VJFI	
VJFJ	
VJFK	
VJFL	
VJFM	
VJFN	
VJFO	
VJFP	
VJFQ	
VJFR	
VJFS	
VJFT	
VJFU	
VJFV	
VJFW	
VJFX	
VJFY	
VJFZ	
VJGA	
VJGB	
VJGC	
VJGD	
VJGE	
VJGF	
VJGG	
VJGH	
VJGI	
VJGJ	
VJGK	
VJGL	
VJGM	
VJGN	
VJGO	
VJGP	
VJGQ	
VJGR	
VJGS	
VJGT	
VJGU	
VJGV	
VJGW	
VJGX	
VJGY	
VJGZ	
VJHA	
VJHB	
VJHC	
VJHD	
VJHE	
VJHF	
VJHG	
VJHH	
VJHI	
VJHJ	
VJHK	
VJHL	
VJHM	
VJHN	
VJHO	
VJHP	
VJHQ	
VJHR	
VJHS	
VJHT	
VJHU	
VJHV	
VJHW	
VJHX	
VJHY	
VJHZ	
VJIA	
VJIB	
VJIC	
VJID	
VJIE	
VJIF	
VJIG	
VJIH	
VJII	
VJIJ	
VJIK	
VJIL	
VJIM	
VJIN	
VJIO	
VJIP	
VJIQ	
VJIR	
VJIS	
VJIT	
VJIU	
VJIV	
VJIW	
VJIX	
VJIY	
VJIZ	
VJJA	
VJJB	
VJJC	
VJJD	
VJJE	
VJJF	
VJJG	
VJJH	
VJJI	
VJJJ	
VJJK	
VJJL	
VJJM	
VJJN	
VJJO	
VJJP	
VJJQ	
VJJR	
VJJS	
VJJT	
VJJU	
VJJV	
VJJW	
VJJX	
VJJY	
VJJZ	
VJKA	
VJKB	
VJKC	
VJKD	
VJKE	
VJKF	
VJKG	
VJKH	
VJKI	
VJKJ	
VJKK	
VJKL	
VJKM	
VJKN	
VJKO	
VJKP	
VJKQ	
VJKR	
VJKS	
VJKT	
VJKU	
VJKV	
VJKW	
VJKX	
VJKY	
VJKZ	
VJLA	
VJLB	
VJLC	
VJLD	
VJLE	
VJLF	
VJLG	
VJLH	
VJLI	
VJLJ	
VJLK	
VJLL	
VJLM	
VJLN	
VJLO	
VJLP	
VJLQ	
VJLR	
VJLS	
VJLT	
VJLU	
VJLV	
VJLW	
VJLX	
VJLY	
VJLZ	
VJMA	
VJMB	
VJMC	
VJMD	
VJME	
VJMF	
VJMG	
VJMH	
VJMI	
VJMJ	
VJMK	
VJML	
VJMM	
VJMN	
VJMO	
VJMP	
VJMQ	
VJMR	
VJMS	
VJMT	
VJMU	
VJMV	
VJMW	
VJMX	
VJMY	
VJMZ	
VJNA	
VJNB	
VJNC	
VJND	
VJNE	
VJNF	
VJNG	
VJNH	
VJNI	
VJNJ	
VJNK	
VJNL	
VJNM	
VJNN	
VJNO	
VJNP	
VJNQ	
VJNR	
VJNS	
VJNT	
VJNU	
VJNV	
VJNW	
VJNX	
VJNY	
VJNZ	
VJOA	
VJOB	
VJOC	
VJOD	
VJOE	
VJOF	
VJOG	
VJOH	
VJOI	
VJOJ	
VJOK	
VJOL	
VJOM	
VJON	
VJOO	
VJOP	
VJOQ	
VJOR	
VJOS	
VJOT	
VJOU	
VJOV	
VJOW	
VJOX	
VJOY	
VJOZ	
VJPA	
VJPB	
VJPC	
VJPD	
VJPE	
VJPF	
VJPG	
VJPH	
VJPI	
VJPJ	
VJPK	
VJPL	
VJPM	
VJPN	
VJPO	
VJPP	
VJPQ	
VJPR	
VJPS	
VJPT	
VJPU	
VJPV	
VJPW	
VJPX	
VJPY	
VJPZ	
VJQA	
VJQB	
VJQC	
VJQD	
VJQE	
VJQF	
VJQG	
VJQH	
VJQI	
VJQJ	
VJQK	
VJQL	
VJQM	
VJQN	
VJQO	
VJQP	
VJQQ	
VJQR	
VJQS	
VJQT	
VJQU	
VJQV	
VJQW	
VJQX	
VJQY	
VJQZ	
VJRA	
VJRB	
VJRC	
VJRD	
VJRE	
VJRF	
VJRG	
VJRH	
VJRI	
VJRJ	
VJRK	
VJRL	
VJRM	
VJRN	
VJRO	
VJRP	
VJRQ	
VJRR	
VJRS	
VJRT	
VJRU	
VJRV	
VJRW	
VJRX	
VJRY	
VJRZ	
VJSA	
VJSB	
VJSC	
VJSD	
VJSE	
VJSF	
VJSG	
VJSH	
VJSI	
VJSJ	
VJSK	
VJSL	
VJSM	
VJSN	
VJSO	
VJSP	
VJSQ	
VJSR	
VJSS	
VJST	
VJSU	
VJSV	
VJSW	
VJSX	
VJSY	
VJSZ	
VJTA	
VJTB	
VJTC	
VJTD	
VJTE	
VJTF	
VJTG	
VJTH	
VJTI	
VJTJ	
VJTK	
VJTL	
VJTM	
VJTN	
VJTO	
VJTP	
VJTQ	
VJTR	
VJTS	
VJTT	
VJTU	
VJTV	
VJTW	
VJTX	
VJTY	
VJTZ	
VJUA	
VJUB	
VJUC	
VJUD	
VJUE	
VJUF	
VJUG	
VJUH	
VJUI	
VJUJ	
VJUK	
VJUL	
VJUM	
VJUN	
VJUO	
VJUP	
VJUQ	
VJUR	
VJUS	
VJUT	
VJUU	
VJUV	
VJUW	
VJUX	
VJUY	
VJUZ	
VJVA	
VJVB	
VJVC	
VJVD	
VJVE	
VJVF	
VJVG	
VJVH	
VJVI	
VJVJ	
VJVK	
VJVL	
VJVM	
VJVN	
VJVO	
VJVP	
VJVQ	
VJVR	
VJVS	
VJVT	
VJVU	
VJVV	
VJVW	
VJVX	
VJVY	
VJVZ	
VJWA	
VJWB	
VJWC	
VJWD	
VJWE	
VJWF	
VJWG	
VJWH	
VJWI	
VJWJ	
VJWK	
VJWL	
VJWM	
VJWN	
VJWO	
VJWP	
VJWQ	
VJWR	
VJWS	
VJWT	
VJWU	
VJWV	
VJWW	
VJWX	
VJWY	
VJWZ	
VJXA	
VJXB	
VJXC	
VJXD	
VJXE	
VJXF	
VJXG	
VJXH	
VJXI	
VJXJ	
VJXK	
VJXL	
VJXM	
VJXN	
VJXO	
VJXP	
VJXQ	
VJXR	
VJXS	
VJXT	
VJXU	
VJXV	
VJXW	
VJXX	
VJXY	
VJXZ	
VJYA	
VJYB	
VJYC	
VJYD	
VJYE	
VJYF	
VJYG	
VJYH	
VJYI	
VJYJ	
VJYK	
VJYL	
VJYM	
VJYN	
VJYO	
VJYP	
VJYQ	
VJYR	
VJYS	
VJYT	
VJYU	
VJYV	
VJYW	
VJYX	
VJYY	
VJYZ	
VJZA	
VJZB	
VJZC	
VJZD	
VJZE	
VJZF	
VJZG	
VJZH	
VJZI	
VJZJ	
VJZK	
VJZL	
VJZM	
VJZN	
VJZO	
VJZP	
VJZQ	
VJZR	
VJZS	
VJZT	
VJZU	
VJZV	
VJZW	
VJZX	
VJZY	
VJZZ	
VKAA	
VKAB	
VKAC	
VKAD	
VKAE	
VKAF	
VKAG	
VKAH	
VKAI	
VKAJ	
VKAK	
VKAL	
VKAM	
VKAN	
VKAO	
VKAP	
VKAQ	
VKAR	
VKAS	
VKAT	
VKAU	
VKAV	
VKAW	
VKAX	
VKAY	
VKAZ	
VKBA	
VKBB	
VKBC	
VKBD	
VKBE	
VKBF	
VKBG	
VKBH	
VKBI	
VKBJ	
VKBK	
VKBL	
VKBM	
VKBN	
VKBO	
VKBP	
VKBQ	
VKBR	
VKBS	
VKBT	
VKBU	
VKBV	
VKBW	
VKBX	
VKBY	
VKBZ	
VKCA	
VKCB	
VKCC	
VKCD	
VKCE	
VKCF	
VKCG	
VKCH	
VKCI	
VKCJ	
VKCK	
VKCL	
VKCM	
VKCN	
VKCO	
VKCP	
VKCQ	
VKCR	
VKCS	
VKCT	
VKCU	
VKCV	
VKCW	
VKCX	
VKCY	
VKCZ	
VKDA	
VKDB	
VKDC	
VKDD	
VKDE	
VKDF	
VKDG	
VKDH	
VKDI	
VKDJ	
VKDK	
VKDL	
VKDM	
VKDN	
VKDO	
VKDP	
VKDQ	
VKDR	
VKDS	
VKDT	
VKDU	
VKDV	
VKDW	
VKDX	
VKDY	
VKDZ	
VKEA	
VKEB	
VKEC	
VKED	
VKEE	
VKEF	
VKEG	
VKEH	
VKEI	
VKEJ	
VKEK	
VKEL	
VKEM	
VKEN	
VKEO	
VKEP	
VKEQ	
VKER	
VKES	
VKET	
VKEU	
VKEV	
VKEW	
VKEX	
VKEY	
VKEZ	
VKFA	
VKFB	
VKFC	
VKFD	
VKFE	
VKFF	
VKFG	
VKFH	
VKFI	
VKFJ	
VKFK	
VKFL	
VKFM	
VKFN	
VKFO	
VKFP	
VKFQ	
VKFR	
VKFS	
VKFT	
VKFU	
VKFV	
VKFW	
VKFX	
VKFY	
VKFZ	
VKGA	
VKGB	
VKGC	
VKGD	
VKGE	
VKGF	
VKGG	
VKGH	
VKGI	
VKGJ	
VKGK	
VKGL	
VKGM	
VKGN	
VKGO	
VKGP	
VKGQ	
VKGR	
VKGS	
VKGT	
VKGU	
VKGV	
VKGW	
VKGX	
VKGY	
VKGZ	
VKHA	
VKHB	
VKHC	
VKHD	
VKHE	
VKHF	
VKHG	
VKHH	
VKHI	
VKHJ	
VKHK	
VKHL	
VKHM	
VKHN	
VKHO	
VKHP	
VKHQ	
VKHR	
VKHS	
VKHT	
VKHU	
VKHV	
VKHW	
VKHX	
VKHY	
VKHZ	
VKIA	
VKIB	
VKIC	
VKID	
VKIE	
VKIF	
VKIG	
VKIH	
VKII	
VKIJ	
VKIK	
VKIL	
VKIM	
VKIN	
VKIO	
VKIP	
VKIQ	
VKIR	
VKIS	
VKIT	
VKIU	
VKIV	
VKIW	
VKIX	
VKIY	
VKIZ	
VKJA	
VKJB	
VKJC	
VKJD	
VKJE	
VKJF	
VKJG	
VKJH	
VKJI	
VKJJ	
VKJK	
VKJL	
VKJM	
VKJN	
VKJO	
VKJP	
VKJQ	
VKJR	
VKJS	
VKJT	
VKJU	
VKJV	
VKJW	
VKJX	
VKJY	
VKJZ	
VKKA	
VKKB	
VKKC	
VKKD	
VKKE	
VKKF	
VKKG	
VKKH	
VKKI	
VKKJ	
VKKK	
VKKL	
VKKM	
VKKN	
VKKO	
VKKP	
VKKQ	
VKKR	
VKKS	
VKKT	
VKKU	
VKKV	
VKKW	
VKKX	
VKKY	
VKKZ	
VKLA	
VKLB	
VKLC	
VKLD	
VKLE	
VKLF	
VKLG	
VKLH	
VKLI	
VKLJ	
VKLK	
VKLL	
VKLM	
VKLN	
VKLO	
VKLP	
VKLQ	
VKLR	
VKLS	
VKLT	
VKLU	
VKLV	
VKLW	
VKLX	
VKLY	
VKLZ	
VKMA	
VKMB	
VKMC	
VKMD	
VKME	
VKMF	
VKMG	
VKMH	
VKMI	
VKMJ	
VKMK	
VKML	
VKMM	
VKMN	
VKMO	
VKMP	
VKMQ	
VKMR	
VKMS	
VKMT	
VKMU	
VKMV	
VKMW	
VKMX	
VKMY	
VKMZ	
VKNA	
VKNB	
VKNC	
VKND	
VKNE	
VKNF	
VKNG	
VKNH	
VKNI	
VKNJ	
VKNK	
VKNL	
VKNM	
VKNN	
VKNO	
VKNP	
VKNQ	
VKNR	
VKNS	
VKNT	
VKNU	
VKNV	
VKNW	
VKNX	
VKNY	
VKNZ	
VKOA	
VKOB	
VKOC	
VKOD	
VKOE	
VKOF	
VKOG	
VKOH	
VKOI	
VKOJ	
VKOK	
VKOL	
VKOM	
VKON	
VKOO	
VKOP	
VKOQ	
VKOR	
VKOS	
VKOT	
VKOU	
VKOV	
VKOW	
VKOX	
VKOY	
VKOZ	
VKPA	
VKPB	
VKPC	
VKPD	
VKPE	
VKPF	
VKPG	
VKPH	
VKPI	
VKPJ	
VKPK	
VKPL	
VKPM	
VKPN	
VKPO	
VKPP	
VKPQ	
VKPR	
VKPS	
VKPT	
VKPU	
VKPV	
VKPW	
VKPX	
VKPY	
VKPZ	
VKQA	
VKQB	
VKQC	
VKQD	
VKQE	
VKQF	
VKQG	
VKQH	
VKQI	
VKQJ	
VKQK	
VKQL	
VKQM	
VKQN	
VKQO	
VKQP	
VKQQ	
VKQR	
VKQS	
VKQT	
VKQU	
VKQV	
VKQW	
VKQX	
VKQY	
VKQZ	
VKRA	
VKRB	
VKRC	
VKRD	
VKRE	
VKRF	
VKRG	
VKRH	
VKRI	
VKRJ	
VKRK	
VKRL	
VKRM	
VKRN	
VKRO	
VKRP	
VKRQ	
VKRR	
VKRS	
VKRT	
VKRU	
VKRV	
VKRW	
VKRX	
VKRY	
VKRZ	
VKSA	
VKSB	
VKSC	
VKSD	
VKSE	
VKSF	
VKSG	
VKSH	
VKSI	
VKSJ	
VKSK	
VKSL	
VKSM	
VKSN	
VKSO	
VKSP	
VKSQ	
VKSR	
VKSS	
VKST	
VKSU	
VKSV	
VKSW	
VKSX	
VKSY	
VKSZ	
VKTA	
VKTB	
VKTC	
VKTD	
VKTE	
VKTF	
VKTG	
VKTH	
VKTI	
VKTJ	
VKTK	
VKTL	
VKTM	
VKTN	
VKTO	
VKTP	
VKTQ	
VKTR	
VKTS	
VKTT	
VKTU	
VKTV	
VKTW	
VKTX	
VKTY	
VKTZ	
VKUA	
VKUB	
VKUC	
VKUD	
VKUE	
VKUF	
VKUG	
VKUH	
VKUI	
VKUJ	
VKUK	
VKUL	
VKUM	
VKUN	
VKUO	
VKUP	
VKUQ	
VKUR	
VKUS	
VKUT	
VKUU	
VKUV	
VKUW	
VKUX	
VKUY	
VKUZ	
VKVA	
VKVB	
VKVC	
VKVD	
VKVE	
VKVF	
VKVG	
VKVH	
VKVI	
VKVJ	
VKVK	
VKVL	
VKVM	
VKVN	
VKVO	
VKVP	
VKVQ	
VKVR	
VKVS	
VKVT	
VKVU	
VKVV	
VKVW	
VKVX	
VKVY	
VKVZ	
VKWA	
VKWB	
VKWC	
VKWD	
VKWE	
VKWF	
VKWG	
VKWH	
VKWI	
VKWJ	
VKWK	
VKWL	
VKWM	
VKWN	
VKWO	
VKWP	
VKWQ	
VKWR	
VKWS	
VKWT	
VKWU	
VKWV	
VKWW	
VKWX	
VKWY	
VKWZ	
VKXA	
VKXB	
VKXC	
VKXD	
VKXE	
VKXF	
VKXG	
VKXH	
VKXI	
VKXJ	
VKXK	
VKXL	
VKXM	
VKXN	
VKXO	
VKXP	
VKXQ	
VKXR	
VKXS	
VKXT	
VKXU	
VKXV	
VKXW	
VKXX	
VKXY	
VKXZ	
VKYA	
VKYB	
VKYC	
VKYD	
VKYE	
VKYF	
VKYG	
VKYH	
VKYI	
VKYJ	
VKYK	
VKYL	
VKYM	
VKYN	
VKYO	
VKYP	
VKYQ	
VKYR	
VKYS	
VKYT	
VKYU	
VKYV	
VKYW	
VKYX	
VKYY	
VKYZ	
VKZA	
VKZB	
VKZC	
VKZD	
VKZE	
VKZF	
VKZG	
VKZH	
VKZI	
VKZJ	
VKZK	
VKZL	
VKZM	
VKZN	
VKZO	
VKZP	
VKZQ	
VKZR	
VKZS	
VKZT	
VKZU	
VKZV	
VKZW	
VKZX	
VKZY	
VKZZ	
VLAA	
VLAB	
VLAC	
VLAD	
VLAE	
VLAF	
VLAG	
VLAH	
VLAI	
VLAJ	
VLAK	
VLAL	
VLAM	
VLAN	
VLAO	
VLAP	
VLAQ	
VLAR	
VLAS	
VLAT	
VLAU	
VLAV	
VLAW	
VLAX	
VLAY	
VLAZ	
VLBA	
VLBB	
VLBC	
VLBD	
VLBE	
VLBF	
VLBG	
VLBH	
VLBI	
VLBJ	
VLBK	
VLBL	
VLBM	
VLBN	
VLBO	
VLBP	
VLBQ	
VLBR	
VLBS	
VLBT	
VLBU	
VLBV	
VLBW	
VLBX	
VLBY	
VLBZ	
VLCA	
VLCB	
VLCC	
VLCD	
VLCE	
VLCF	
VLCG	
VLCH	
VLCI	
VLCJ	
VLCK	
VLCL	
VLCM	
VLCN	
VLCO	
VLCP	
VLCQ	
VLCR	
VLCS	
VLCT	
VLCU	
VLCV	
VLCW	
VLCX	
VLCY	
VLCZ	
VLDA	
VLDB	
VLDC	
VLDD	
VLDE	
VLDF	
VLDG	
VLDH	
VLDI	
VLDJ	
VLDK	
VLDL	
VLDM	
VLDN	
VLDO	
VLDP	
VLDQ	
VLDR	
VLDS	
VLDT	
VLDU	
VLDV	
VLDW	
VLDX	
VLDY	
VLDZ	
VLEA	
VLEB	
VLEC	
VLED	
VLEE	
VLEF	
VLEG	
VLEH	
VLEI	
VLEJ	
VLEK	
VLEL	
VLEM	
VLEN	
VLEO	
VLEP	
VLEQ	
VLER	
VLES	
VLET	
VLEU	
VLEV	
VLEW	
VLEX	
VLEY	
VLEZ	
VLFA	
VLFB	
VLFC	
VLFD	
VLFE	
VLFF	
VLFG	
VLFH	
VLFI	
VLFJ	
VLFK	
VLFL	
VLFM	
VLFN	
VLFO	
VLFP	
VLFQ	
VLFR	
VLFS	
VLFT	
VLFU	
VLFV	
VLFW	
VLFX	
VLFY	
VLFZ	
VLGA	
VLGB	
VLGC	
VLGD	
VLGE	
VLGF	
VLGG	
VLGH	
VLGI	
VLGJ	
VLGK	
VLGL	
VLGM	
VLGN	
VLGO	
VLGP	
VLGQ	
VLGR	
VLGS	
VLGT	
VLGU	
VLGV	
VLGW	
VLGX	
VLGY	
VLGZ	
VLHA	
VLHB	
VLHC	
VLHD	
VLHE	
VLHF	
VLHG	
VLHH	
VLHI	
VLHJ	
VLHK	
VLHL	
VLHM	
VLHN	
VLHO	
VLHP	
VLHQ	
VLHR	
VLHS	
VLHT	
VLHU	
VLHV	
VLHW	
VLHX	
VLHY	
VLHZ	
VLIA	
VLIB	
VLIC	
VLID	
VLIE	
VLIF	
VLIG	
VLIH	
VLII	
VLIJ	
VLIK	
VLIL	
VLIM	
VLIN	
VLIO	
VLIP	
VLIQ	
VLIR	
VLIS	
VLIT	
VLIU	
VLIV	
VLIW	
VLIX	
VLIY	
VLIZ	
VLJA	
VLJB	
VLJC	
VLJD	
VLJE	
VLJF	
VLJG	
VLJH	
VLJI	
VLJJ	
VLJK	
VLJL	
VLJM	
VLJN	
VLJO	
VLJP	
VLJQ	
VLJR	
VLJS	
VLJT	
VLJU	
VLJV	
VLJW	
VLJX	
VLJY	
VLJZ	
VLKA	
VLKB	
VLKC	
VLKD	
VLKE	
VLKF	
VLKG	
VLKH	
VLKI	
VLKJ	
VLKK	
VLKL	
VLKM	
VLKN	
VLKO	
VLKP	
VLKQ	
VLKR	
VLKS	
VLKT	
VLKU	
VLKV	
VLKW	
VLKX	
VLKY	
VLKZ	
VLLA	
VLLB	
VLLC	
VLLD	
VLLE	
VLLF	
VLLG	
VLLH	
VLLI	
VLLJ	
VLLK	
VLLL	
VLLM	
VLLN	
VLLO	
VLLP	
VLLQ	
VLLR	
VLLS	
VLLT	
VLLU	
VLLV	
VLLW	
VLLX	
VLLY	
VLLZ	
VLMA	
VLMB	
VLMC	
VLMD	
VLME	
VLMF	
VLMG	
VLMH	
VLMI	
VLMJ	
VLMK	
VLML	
VLMM	
VLMN	
VLMO	
VLMP	
VLMQ	
VLMR	
VLMS	
VLMT	
VLMU	
VLMV	
VLMW	
VLMX	
VLMY	
VLMZ	
VLNA	
VLNB	
VLNC	
VLND	
VLNE	
VLNF	
VLNG	
VLNH	
VLNI	
VLNJ	
VLNK	
VLNL	
VLNM	
VLNN	
VLNO	
VLNP	
VLNQ	
VLNR	
VLNS	
VLNT	
VLNU	
VLNV	
VLNW	
VLNX	
VLNY	
VLNZ	
VLOA	
VLOB	
VLOC	
VLOD	
VLOE	
VLOF	
VLOG	
VLOH	
VLOI	
VLOJ	
VLOK	
VLOL	
VLOM	
VLON	
VLOO	
VLOP	
VLOQ	
VLOR	
VLOS	
VLOT	
VLOU	
VLOV	
VLOW	
VLOX	
VLOY	
VLOZ	
VLPA	
VLPB	
VLPC	
VLPD	
VLPE	
VLPF	
VLPG	
VLPH	
VLPI	
VLPJ	
VLPK	
VLPL	
VLPM	
VLPN	
VLPO	
VLPP	
VLPQ	
VLPR	
VLPS	
VLPT	
VLPU	
VLPV	
VLPW	
VLPX	
VLPY	
VLPZ	
VLQA	
VLQB	
VLQC	
VLQD	
VLQE	
VLQF	
VLQG	
VLQH	
VLQI	
VLQJ	
VLQK	
VLQL	
VLQM	
VLQN	
VLQO	
VLQP	
VLQQ	
VLQR	
VLQS	
VLQT	
VLQU	
VLQV	
VLQW	
VLQX	
VLQY	
VLQZ	
VLRA	
VLRB	
VLRC	
VLRD	
VLRE	
VLRF	
VLRG	
VLRH	
VLRI	
VLRJ	
VLRK	
VLRL	
VLRM	
VLRN	
VLRO	
VLRP	
VLRQ	
VLRR	
VLRS	
VLRT	
VLRU	
VLRV	
VLRW	
VLRX	
VLRY	
VLRZ	
VLSA	
VLSB	
VLSC	
VLSD	
VLSE	
VLSF	
VLSG	
VLSH	
VLSI	
VLSJ	
VLSK	
VLSL	
VLSM	
VLSN	
VLSO	
VLSP	
VLSQ	
VLSR	
VLSS	
VLST	
VLSU	
VLSV	
VLSW	
VLSX	
VLSY	
VLSZ	
VLTA	
VLTB	
VLTC	
VLTD	
VLTE	
VLTF	
VLTG	
VLTH	
VLTI	
VLTJ	
VLTK	
VLTL	
VLTM	
VLTN	
VLTO	
VLTP	
VLTQ	
VLTR	
VLTS	
VLTT	
VLTU	
VLTV	
VLTW	
VLTX	
VLTY	
VLTZ	
VLUA	
VLUB	
VLUC	
VLUD	
VLUE	
VLUF	
VLUG	
VLUH	
VLUI	
VLUJ	
VLUK	
VLUL	
VLUM	
VLUN	
VLUO	
VLUP	
VLUQ	
VLUR	
VLUS	
VLUT	
VLUU	
VLUV	
VLUW	
VLUX	
VLUY	
VLUZ	
VLVA	
VLVB	
VLVC	
VLVD	
VLVE	
VLVF	
VLVG	
VLVH	
VLVI	
VLVJ	
VLVK	
VLVL	
VLVM	
VLVN	
VLVO	
VLVP	
VLVQ	
VLVR	
VLVS	
VLVT	
VLVU	
VLVV	
VLVW	
VLVX	
VLVY	
VLVZ	
VLWA	
VLWB	
VLWC	
VLWD	
VLWE	
VLWF	
VLWG	
VLWH	
VLWI	
VLWJ	
VLWK	
VLWL	
VLWM	
VLWN	
VLWO	
VLWP	
VLWQ	
VLWR	
VLWS	
VLWT	
VLWU	
VLWV	
VLWW	
VLWX	
VLWY	
VLWZ	
VLXA	
VLXB	
VLXC	
VLXD	
VLXE	
VLXF	
VLXG	
VLXH	
VLXI	
VLXJ	
VLXK	
VLXL	
VLXM	
VLXN	
VLXO	
VLXP	
VLXQ	
VLXR	
VLXS	
VLXT	
VLXU	
VLXV	
VLXW	
VLXX	
VLXY	
VLXZ	
VLYA	
VLYB	
VLYC	
VLYD	
VLYE	
VLYF	
VLYG	
VLYH	
VLYI	
VLYJ	
VLYK	
VLYL	
VLYM	
VLYN	
VLYO	
VLYP	
VLYQ	
VLYR	
VLYS	
VLYT	
VLYU	
VLYV	
VLYW	
VLYX	
VLYY	
VLYZ	
VLZA	
VLZB	
VLZC	
VLZD	
VLZE	
VLZF	
VLZG	
VLZH	
VLZI	
VLZJ	
VLZK	
VLZL	
VLZM	
VLZN	
VLZO	
VLZP	
VLZQ	
VLZR	
VLZS	
VLZT	
VLZU	
VLZV	
VLZW	
VLZX	
VLZY	
VLZZ	
VMAA	
VMAB	
VMAC	
VMAD	
VMAE	
VMAF	
VMAG	
VMAH	
VMAI	
VMAJ	
VMAK	
VMAL	
VMAM	
VMAN	
VMAO	
VMAP	
VMAQ	
VMAR	
VMAS	
VMAT	
VMAU	
VMAV	
VMAW	
VMAX	
VMAY	
VMAZ	
VMBA	
VMBB	
VMBC	
VMBD	
VMBE	
VMBF	
VMBG	
VMBH	
VMBI	
VMBJ	
VMBK	
VMBL	
VMBM	
VMBN	
VMBO	
VMBP	
VMBQ	
VMBR	
VMBS	
VMBT	
VMBU	
VMBV	
VMBW	
VMBX	
VMBY	
VMBZ	
VMCA	
VMCB	
VMCC	
VMCD	
VMCE	
VMCF	
VMCG	
VMCH	
VMCI	
VMCJ	
VMCK	
VMCL	
VMCM	
VMCN	
VMCO	
VMCP	
VMCQ	
VMCR	
VMCS	
VMCT	
VMCU	
VMCV	
VMCW	
VMCX	
VMCY	
VMCZ	
VMDA	
VMDB	
VMDC	
VMDD	
VMDE	
VMDF	
VMDG	
VMDH	
VMDI	
VMDJ	
VMDK	
VMDL	
VMDM	
VMDN	
VMDO	
VMDP	
VMDQ	
VMDR	
VMDS	
VMDT	
VMDU	
VMDV	
VMDW	
VMDX	
VMDY	
VMDZ	
VMEA	
VMEB	
VMEC	
VMED	
VMEE	
VMEF	
VMEG	
VMEH	
VMEI	
VMEJ	
VMEK	
VMEL	
VMEM	
VMEN	
VMEO	
VMEP	
VMEQ	
VMER	
VMES	
VMET	
VMEU	
VMEV	
VMEW	
VMEX	
VMEY	
VMEZ	
VMFA	
VMFB	
VMFC	
VMFD	
VMFE	
VMFF	
VMFG	
VMFH	
VMFI	
VMFJ	
VMFK	
VMFL	
VMFM	
VMFN	
VMFO	
VMFP	
VMFQ	
VMFR	
VMFS	
VMFT	
VMFU	
VMFV	
VMFW	
VMFX	
VMFY	
VMFZ	
VMGA	
VMGB	
VMGC	
VMGD	
VMGE	
VMGF	
VMGG	
VMGH	
VMGI	
VMGJ	
VMGK	
VMGL	
VMGM	
VMGN	
VMGO	
VMGP	
VMGQ	
VMGR	
VMGS	
VMGT	
VMGU	
VMGV	
VMGW	
VMGX	
VMGY	
VMGZ	
VMHA	
VMHB	
VMHC	
VMHD	
VMHE	
VMHF	
VMHG	
VMHH	
VMHI	
VMHJ	
VMHK	
VMHL	
VMHM	
VMHN	
VMHO	
VMHP	
VMHQ	
VMHR	
VMHS	
VMHT	
VMHU	
VMHV	
VMHW	
VMHX	
VMHY	
VMHZ	
VMIA	
VMIB	
VMIC	
VMID	
VMIE	
VMIF	
VMIG	
VMIH	
VMII	
VMIJ	
VMIK	
VMIL	
VMIM	
VMIN	
VMIO	
VMIP	
VMIQ	
VMIR	
VMIS	
VMIT	
VMIU	
VMIV	
VMIW	
VMIX	
VMIY	
VMIZ	
VMJA	
VMJB	
VMJC	
VMJD	
VMJE	
VMJF	
VMJG	
VMJH	
VMJI	
VMJJ	
VMJK	
VMJL	
VMJM	
VMJN	
VMJO	
VMJP	
VMJQ	
VMJR	
VMJS	
VMJT	
VMJU	
VMJV	
VMJW	
VMJX	
VMJY	
VMJZ	
VMKA	
VMKB	
VMKC	
VMKD	
VMKE	
VMKF	
VMKG	
VMKH	
VMKI	
VMKJ	
VMKK	
VMKL	
VMKM	
VMKN	
VMKO	
VMKP	
VMKQ	
VMKR	
VMKS	
VMKT	
VMKU	
VMKV	
VMKW	
VMKX	
VMKY	
VMKZ	
VMLA	
VMLB	
VMLC	
VMLD	
VMLE	
VMLF	
VMLG	
VMLH	
VMLI	
VMLJ	
VMLK	
VMLL	
VMLM	
VMLN	
VMLO	
VMLP	
VMLQ	
VMLR	
VMLS	
VMLT	
VMLU	
VMLV	
VMLW	
VMLX	
VMLY	
VMLZ	
VMMA	
VMMB	
VMMC	
VMMD	
VMME	
VMMF	
VMMG	
VMMH	
VMMI	
VMMJ	
VMMK	
VMML	
VMMM	
VMMN	
VMMO	
VMMP	
VMMQ	
VMMR	
VMMS	
VMMT	
VMMU	
VMMV	
VMMW	
VMMX	
VMMY	
VMMZ	
VMNA	
VMNB	
VMNC	
VMND	
VMNE	
VMNF	
VMNG	
VMNH	
VMNI	
VMNJ	
VMNK	
VMNL	
VMNM	
VMNN	
VMNO	
VMNP	
VMNQ	
VMNR	
VMNS	
VMNT	
VMNU	
VMNV	
VMNW	
VMNX	
VMNY	
VMNZ	
VMOA	
VMOB	
VMOC	
VMOD	
VMOE	
VMOF	
VMOG	
VMOH	
VMOI	
VMOJ	
VMOK	
VMOL	
VMOM	
VMON	
VMOO	
VMOP	
VMOQ	
VMOR	
VMOS	
VMOT	
VMOU	
VMOV	
VMOW	
VMOX	
VMOY	
VMOZ	
VMPA	
VMPB	
VMPC	
VMPD	
VMPE	
VMPF	
VMPG	
VMPH	
VMPI	
VMPJ	
VMPK	
VMPL	
VMPM	
VMPN	
VMPO	
VMPP	
VMPQ	
VMPR	
VMPS	
VMPT	
VMPU	
VMPV	
VMPW	
VMPX	
VMPY	
VMPZ	
VMQA	
VMQB	
VMQC	
VMQD	
VMQE	
VMQF	
VMQG	
VMQH	
VMQI	
VMQJ	
VMQK	
VMQL	
VMQM	
VMQN	
VMQO	
VMQP	
VMQQ	
VMQR	
VMQS	
VMQT	
VMQU	
VMQV	
VMQW	
VMQX	
VMQY	
VMQZ	
VMRA	
VMRB	
VMRC	
VMRD	
VMRE	
VMRF	
VMRG	
VMRH	
VMRI	
VMRJ	
VMRK	
VMRL	
VMRM	
VMRN	
VMRO	
VMRP	
VMRQ	
VMRR	
VMRS	
VMRT	
VMRU	
VMRV	
VMRW	
VMRX	
VMRY	
VMRZ	
VMSA	
VMSB	
VMSC	
VMSD	
VMSE	
VMSF	
VMSG	
VMSH	
VMSI	
VMSJ	
VMSK	
VMSL	
VMSM	
VMSN	
VMSO	
VMSP	
VMSQ	
VMSR	
VMSS	
VMST	
VMSU	
VMSV	
VMSW	
VMSX	
VMSY	
VMSZ	
VMTA	
VMTB	
VMTC	
VMTD	
VMTE	
VMTF	
VMTG	
VMTH	
VMTI	
VMTJ	
VMTK	
VMTL	
VMTM	
VMTN	
VMTO	
VMTP	
VMTQ	
VMTR	
VMTS	
VMTT	
VMTU	
VMTV	
VMTW	
VMTX	
VMTY	
VMTZ	
VMUA	
VMUB	
VMUC	
VMUD	
VMUE	
VMUF	
VMUG	
VMUH	
VMUI	
VMUJ	
VMUK	
VMUL	
VMUM	
VMUN	
VMUO	
VMUP	
VMUQ	
VMUR	
VMUS	
VMUT	
VMUU	
VMUV	
VMUW	
VMUX	
VMUY	
VMUZ	
VMVA	
VMVB	
VMVC	
VMVD	
VMVE	
VMVF	
VMVG	
VMVH	
VMVI	
VMVJ	
VMVK	
VMVL	
VMVM	
VMVN	
VMVO	
VMVP	
VMVQ	
VMVR	
VMVS	
VMVT	
VMVU	
VMVV	
VMVW	
VMVX	
VMVY	
VMVZ	
VMWA	
VMWB	
VMWC	
VMWD	
VMWE	
VMWF	
VMWG	
VMWH	
VMWI	
VMWJ	
VMWK	
VMWL	
VMWM	
VMWN	
VMWO	
VMWP	
VMWQ	
VMWR	
VMWS	
VMWT	
VMWU	
VMWV	
VMWW	
VMWX	
VMWY	
VMWZ	
VMXA	
VMXB	
VMXC	
VMXD	
VMXE	
VMXF	
VMXG	
VMXH	
VMXI	
VMXJ	
VMXK	
VMXL	
VMXM	
VMXN	
VMXO	
VMXP	
VMXQ	
VMXR	
VMXS	
VMXT	
VMXU	
VMXV	
VMXW	
VMXX	
VMXY	
VMXZ	
VMYA	
VMYB	
VMYC	
VMYD	
VMYE	
VMYF	
VMYG	
VMYH	
VMYI	
VMYJ	
VMYK	
VMYL	
VMYM	
VMYN	
VMYO	
VMYP	
VMYQ	
VMYR	
VMYS	
VMYT	
VMYU	
VMYV	
VMYW	
VMYX	
VMYY	
VMYZ	
VMZA	
VMZB	
VMZC	
VMZD	
VMZE	
VMZF	
VMZG	
VMZH	
VMZI	
VMZJ	
VMZK	
VMZL	
VMZM	
VMZN	
VMZO	
VMZP	
VMZQ	
VMZR	
VMZS	
VMZT	
VMZU	
VMZV	
VMZW	
VMZX	
VMZY	
VMZZ	
VNAA	
VNAB	
VNAC	
VNAD	
VNAE	
VNAF	
VNAG	
VNAH	
VNAI	
VNAJ	
VNAK	
VNAL	
VNAM	
VNAN	
VNAO	
VNAP	
VNAQ	
VNAR	
VNAS	
VNAT	
VNAU	
VNAV	
VNAW	
VNAX	
VNAY	
VNAZ	
VNBA	
VNBB	
VNBC	
VNBD	
VNBE	
VNBF	
VNBG	
VNBH	
VNBI	
VNBJ	
VNBK	
VNBL	
VNBM	
VNBN	
VNBO	
VNBP	
VNBQ	
VNBR	
VNBS	
VNBT	
VNBU	
VNBV	
VNBW	
VNBX	
VNBY	
VNBZ	
VNCA	
VNCB	
VNCC	
VNCD	
VNCE	
VNCF	
VNCG	
VNCH	
VNCI	
VNCJ	
VNCK	
VNCL	
VNCM	
VNCN	
VNCO	
VNCP	
VNCQ	
VNCR	
VNCS	
VNCT	
VNCU	
VNCV	
VNCW	
VNCX	
VNCY	
VNCZ	
VNDA	
VNDB	
VNDC	
VNDD	
VNDE	
VNDF	
VNDG	
VNDH	
VNDI	
VNDJ	
VNDK	
VNDL	
VNDM	
VNDN	
VNDO	
VNDP	
VNDQ	
VNDR	
VNDS	
VNDT	
VNDU	
VNDV	
VNDW	
VNDX	
VNDY	
VNDZ	
VNEA	
VNEB	
VNEC	
VNED	
VNEE	
VNEF	
VNEG	
VNEH	
VNEI	
VNEJ	
VNEK	
VNEL	
VNEM	
VNEN	
VNEO	
VNEP	
VNEQ	
VNER	
VNES	
VNET	
VNEU	
VNEV	
VNEW	
VNEX	
VNEY	
VNEZ	
VNFA	
VNFB	
VNFC	
VNFD	
VNFE	
VNFF	
VNFG	
VNFH	
VNFI	
VNFJ	
VNFK	
VNFL	
VNFM	
VNFN	
VNFO	
VNFP	
VNFQ	
VNFR	
VNFS	
VNFT	
VNFU	
VNFV	
VNFW	
VNFX	
VNFY	
VNFZ	
VNGA	
VNGB	
VNGC	
VNGD	
VNGE	
VNGF	
VNGG	
VNGH	
VNGI	
VNGJ	
VNGK	
VNGL	
VNGM	
VNGN	
VNGO	
VNGP	
VNGQ	
VNGR	
VNGS	
VNGT	
VNGU	
VNGV	
VNGW	
VNGX	
VNGY	
VNGZ	
VNHA	
VNHB	
VNHC	
VNHD	
VNHE	
VNHF	
VNHG	
VNHH	
VNHI	
VNHJ	
VNHK	
VNHL	
VNHM	
VNHN	
VNHO	
VNHP	
VNHQ	
VNHR	
VNHS	
VNHT	
VNHU	
VNHV	
VNHW	
VNHX	
VNHY	
VNHZ	
VNIA	
VNIB	
VNIC	
VNID	
VNIE	
VNIF	
VNIG	
VNIH	
VNII	
VNIJ	
VNIK	
VNIL	
VNIM	
VNIN	
VNIO	
VNIP	
VNIQ	
VNIR	
VNIS	
VNIT	
VNIU	
VNIV	
VNIW	
VNIX	
VNIY	
VNIZ	
VNJA	
VNJB	
VNJC	
VNJD	
VNJE	
VNJF	
VNJG	
VNJH	
VNJI	
VNJJ	
VNJK	
VNJL	
VNJM	
VNJN	
VNJO	
VNJP	
VNJQ	
VNJR	
VNJS	
VNJT	
VNJU	
VNJV	
VNJW	
VNJX	
VNJY	
VNJZ	
VNKA	
VNKB	
VNKC	
VNKD	
VNKE	
VNKF	
VNKG	
VNKH	
VNKI	
VNKJ	
VNKK	
VNKL	
VNKM	
VNKN	
VNKO	
VNKP	
VNKQ	
VNKR	
VNKS	
VNKT	
VNKU	
VNKV	
VNKW	
VNKX	
VNKY	
VNKZ	
VNLA	
VNLB	
VNLC	
VNLD	
VNLE	
VNLF	
VNLG	
VNLH	
VNLI	
VNLJ	
VNLK	
VNLL	
VNLM	
VNLN	
VNLO	
VNLP	
VNLQ	
VNLR	
VNLS	
VNLT	
VNLU	
VNLV	
VNLW	
VNLX	
VNLY	
VNLZ	
VNMA	
VNMB	
VNMC	
VNMD	
VNME	
VNMF	
VNMG	
VNMH	
VNMI	
VNMJ	
VNMK	
VNML	
VNMM	
VNMN	
VNMO	
VNMP	
VNMQ	
VNMR	
VNMS	
VNMT	
VNMU	
VNMV	
VNMW	
VNMX	
VNMY	
VNMZ	
VNNA	
VNNB	
VNNC	
VNND	
VNNE	
VNNF	
VNNG	
VNNH	
VNNI	
VNNJ	
VNNK	
VNNL	
VNNM	
VNNN	
VNNO	
VNNP	
VNNQ	
VNNR	
VNNS	
VNNT	
VNNU	
VNNV	
VNNW	
VNNX	
VNNY	
VNNZ	
VNOA	
VNOB	
VNOC	
VNOD	
VNOE	
VNOF	
VNOG	
VNOH	
VNOI	
VNOJ	
VNOK	
VNOL	
VNOM	
VNON	
VNOO	
VNOP	
VNOQ	
VNOR	
VNOS	
VNOT	
VNOU	
VNOV	
VNOW	
VNOX	
VNOY	
VNOZ	
VNPA	
VNPB	
VNPC	
VNPD	
VNPE	
VNPF	
VNPG	
VNPH	
VNPI	
VNPJ	
VNPK	
VNPL	
VNPM	
VNPN	
VNPO	
VNPP	
VNPQ	
VNPR	
VNPS	
VNPT	
VNPU	
VNPV	
VNPW	
VNPX	
VNPY	
VNPZ	
VNQA	
VNQB	
VNQC	
VNQD	
VNQE	
VNQF	
VNQG	
VNQH	
VNQI	
VNQJ	
VNQK	
VNQL	
VNQM	
VNQN	
VNQO	
VNQP	
VNQQ	
VNQR	
VNQS	
VNQT	
VNQU	
VNQV	
VNQW	
VNQX	
VNQY	
VNQZ	
VNRA	
VNRB	
VNRC	
VNRD	
VNRE	
VNRF	
VNRG	
VNRH	
VNRI	
VNRJ	
VNRK	
VNRL	
VNRM	
VNRN	
VNRO	
VNRP	
VNRQ	
VNRR	
VNRS	
VNRT	
VNRU	
VNRV	
VNRW	
VNRX	
VNRY	
VNRZ	
VNSA	
VNSB	
VNSC	
VNSD	
VNSE	
VNSF	
VNSG	
VNSH	
VNSI	
VNSJ	
VNSK	
VNSL	
VNSM	
VNSN	
VNSO	
VNSP	
VNSQ	
VNSR	
VNSS	
VNST	
VNSU	
VNSV	
VNSW	
VNSX	
VNSY	
VNSZ	
VNTA	
VNTB	
VNTC	
VNTD	
VNTE	
VNTF	
VNTG	
VNTH	
VNTI	
VNTJ	
VNTK	
VNTL	
VNTM	
VNTN	
VNTO	
VNTP	
VNTQ	
VNTR	
VNTS	
VNTT	
VNTU	
VNTV	
VNTW	
VNTX	
VNTY	
VNTZ	
VNUA	
VNUB	
VNUC	
VNUD	
VNUE	
VNUF	
VNUG	
VNUH	
VNUI	
VNUJ	
VNUK	
VNUL	
VNUM	
VNUN	
VNUO	
VNUP	
VNUQ	
VNUR	
VNUS	
VNUT	
VNUU	
VNUV	
VNUW	
VNUX	
VNUY	
VNUZ	
VNVA	
VNVB	
VNVC	
VNVD	
VNVE	
VNVF	
VNVG	
VNVH	
VNVI	
VNVJ	
VNVK	
VNVL	
VNVM	
VNVN	
VNVO	
VNVP	
VNVQ	
VNVR	
VNVS	
VNVT	
VNVU	
VNVV	
VNVW	
VNVX	
VNVY	
VNVZ	
VNWA	
VNWB	
VNWC	
VNWD	
VNWE	
VNWF	
VNWG	
VNWH	
VNWI	
VNWJ	
VNWK	
VNWL	
VNWM	
VNWN	
VNWO	
VNWP	
VNWQ	
VNWR	
VNWS	
VNWT	
VNWU	
VNWV	
VNWW	
VNWX	
VNWY	
VNWZ	
VNXA	
VNXB	
VNXC	
VNXD	
VNXE	
VNXF	
VNXG	
VNXH	
VNXI	
VNXJ	
VNXK	
VNXL	
VNXM	
VNXN	
VNXO	
VNXP	
VNXQ	
VNXR	
VNXS	
VNXT	
VNXU	
VNXV	
VNXW	
VNXX	
VNXY	
VNXZ	
VNYA	
VNYB	
VNYC	
VNYD	
VNYE	
VNYF	
VNYG	
VNYH	
VNYI	
VNYJ	
VNYK	
VNYL	
VNYM	
VNYN	
VNYO	
VNYP	
VNYQ	
VNYR	
VNYS	
VNYT	
VNYU	
VNYV	
VNYW	
VNYX	
VNYY	
VNYZ	
VNZA	
VNZB	
VNZC	
VNZD	
VNZE	
VNZF	
VNZG	
VNZH	
VNZI	
VNZJ	
VNZK	
VNZL	
VNZM	
VNZN	
VNZO	
VNZP	
VNZQ	
VNZR	
VNZS	
VNZT	
VNZU	
VNZV	
VNZW	
VNZX	
VNZY	
VNZZ	
VOAA	
VOAB	
VOAC	
VOAD	
VOAE	
VOAF	
VOAG	
VOAH	
VOAI	
VOAJ	
VOAK	
VOAL	
VOAM	
VOAN	
VOAO	
VOAP	
VOAQ	
VOAR	
VOAS	
VOAT	
VOAU	
VOAV	
VOAW	
VOAX	
VOAY	
VOAZ	
VOBA	
VOBB	
VOBC	
VOBD	
VOBE	
VOBF	
VOBG	
VOBH	
VOBI	
VOBJ	
VOBK	
VOBL	
VOBM	
VOBN	
VOBO	
VOBP	
VOBQ	
VOBR	
VOBS	
VOBT	
VOBU	
VOBV	
VOBW	
VOBX	
VOBY	
VOBZ	
VOCA	
VOCB	
VOCC	
VOCD	
VOCE	
VOCF	
VOCG	
VOCH	
VOCI	
VOCJ	
VOCK	
VOCL	
VOCM	
VOCN	
VOCO	
VOCP	
VOCQ	
VOCR	
VOCS	
VOCT	
VOCU	
VOCV	
VOCW	
VOCX	
VOCY	
VOCZ	
VODA	
VODB	
VODC	
VODD	
VODE	
VODF	
VODG	
VODH	
VODI	
VODJ	
VODK	
VODL	
VODM	
VODN	
VODO	
VODP	
VODQ	
VODR	
VODS	
VODT	
VODU	
VODV	
VODW	
VODX	
VODY	
VODZ	
VOEA	
VOEB	
VOEC	
VOED	
VOEE	
VOEF	
VOEG	
VOEH	
VOEI	
VOEJ	
VOEK	
VOEL	
VOEM	
VOEN	
VOEO	
VOEP	
VOEQ	
VOER	
VOES	
VOET	
VOEU	
VOEV	
VOEW	
VOEX	
VOEY	
VOEZ	
VOFA	
VOFB	
VOFC	
VOFD	
VOFE	
VOFF	
VOFG	
VOFH	
VOFI	
VOFJ	
VOFK	
VOFL	
VOFM	
VOFN	
VOFO	
VOFP	
VOFQ	
VOFR	
VOFS	
VOFT	
VOFU	
VOFV	
VOFW	
VOFX	
VOFY	
VOFZ	
VOGA	
VOGB	
VOGC	
VOGD	
VOGE	
VOGF	
VOGG	
VOGH	
VOGI	
VOGJ	
VOGK	
VOGL	
VOGM	
VOGN	
VOGO	
VOGP	
VOGQ	
VOGR	
VOGS	
VOGT	
VOGU	
VOGV	
VOGW	
VOGX	
VOGY	
VOGZ	
VOHA	
VOHB	
VOHC	
VOHD	
VOHE	
VOHF	
VOHG	
VOHH	
VOHI	
VOHJ	
VOHK	
VOHL	
VOHM	
VOHN	
VOHO	
VOHP	
VOHQ	
VOHR	
VOHS	
VOHT	
VOHU	
VOHV	
VOHW	
VOHX	
VOHY	
VOHZ	
VOIA	
VOIB	
VOIC	
VOID	
VOIE	
VOIF	
VOIG	
VOIH	
VOII	
VOIJ	
VOIK	
VOIL	
VOIM	
VOIN	
VOIO	
VOIP	
VOIQ	
VOIR	
VOIS	
VOIT	
VOIU	
VOIV	
VOIW	
VOIX	
VOIY	
VOIZ	
VOJA	
VOJB	
VOJC	
VOJD	
VOJE	
VOJF	
VOJG	
VOJH	
VOJI	
VOJJ	
VOJK	
VOJL	
VOJM	
VOJN	
VOJO	
VOJP	
VOJQ	
VOJR	
VOJS	
VOJT	
VOJU	
VOJV	
VOJW	
VOJX	
VOJY	
VOJZ	
VOKA	
VOKB	
VOKC	
VOKD	
VOKE	
VOKF	
VOKG	
VOKH	
VOKI	
VOKJ	
VOKK	
VOKL	
VOKM	
VOKN	
VOKO	
VOKP	
VOKQ	
VOKR	
VOKS	
VOKT	
VOKU	
VOKV	
VOKW	
VOKX	
VOKY	
VOKZ	
VOLA	
VOLB	
VOLC	
VOLD	
VOLE	
VOLF	
VOLG	
VOLH	
VOLI	
VOLJ	
VOLK	
VOLL	
VOLM	
VOLN	
VOLO	
VOLP	
VOLQ	
VOLR	
VOLS	
VOLT	
VOLU	
VOLV	
VOLW	
VOLX	
VOLY	
VOLZ	
VOMA	
VOMB	
VOMC	
VOMD	
VOME	
VOMF	
VOMG	
VOMH	
VOMI	
VOMJ	
VOMK	
VOML	
VOMM	
VOMN	
VOMO	
VOMP	
VOMQ	
VOMR	
VOMS	
VOMT	
VOMU	
VOMV	
VOMW	
VOMX	
VOMY	
VOMZ	
VONA	
VONB	
VONC	
VOND	
VONE	
VONF	
VONG	
VONH	
VONI	
VONJ	
VONK	
VONL	
VONM	
VONN	
VONO	
VONP	
VONQ	
VONR	
VONS	
VONT	
VONU	
VONV	
VONW	
VONX	
VONY	
VONZ	
VOOA	
VOOB	
VOOC	
VOOD	
VOOE	
VOOF	
VOOG	
VOOH	
VOOI	
VOOJ	
VOOK	
VOOL	
VOOM	
VOON	
VOOO	
VOOP	
VOOQ	
VOOR	
VOOS	
VOOT	
VOOU	
VOOV	
VOOW	
VOOX	
VOOY	
VOOZ	
VOPA	
VOPB	
VOPC	
VOPD	
VOPE	
VOPF	
VOPG	
VOPH	
VOPI	
VOPJ	
VOPK	
VOPL	
VOPM	
VOPN	
VOPO	
VOPP	
VOPQ	
VOPR	
VOPS	
VOPT	
VOPU	
VOPV	
VOPW	
VOPX	
VOPY	
VOPZ	
VOQA	
VOQB	
VOQC	
VOQD	
VOQE	
VOQF	
VOQG	
VOQH	
VOQI	
VOQJ	
VOQK	
VOQL	
VOQM	
VOQN	
VOQO	
VOQP	
VOQQ	
VOQR	
VOQS	
VOQT	
VOQU	
VOQV	
VOQW	
VOQX	
VOQY	
VOQZ	
VORA	
VORB	
VORC	
VORD	
VORE	
VORF	
VORG	
VORH	
VORI	
VORJ	
VORK	
VORL	
VORM	
VORN	
VORO	
VORP	
VORQ	
VORR	
VORS	
VORT	
VORU	
VORV	
VORW	
VORX	
VORY	
VORZ	
VOSA	
VOSB	
VOSC	
VOSD	
VOSE	
VOSF	
VOSG	
VOSH	
VOSI	
VOSJ	
VOSK	
VOSL	
VOSM	
VOSN	
VOSO	
VOSP	
VOSQ	
VOSR	
VOSS	
VOST	
VOSU	
VOSV	
VOSW	
VOSX	
VOSY	
VOSZ	
VOTA	
VOTB	
VOTC	
VOTD	
VOTE	
VOTF	
VOTG	
VOTH	
VOTI	
VOTJ	
VOTK	
VOTL	
VOTM	
VOTN	
VOTO	
VOTP	
VOTQ	
VOTR	
VOTS	
VOTT	
VOTU	
VOTV	
VOTW	
VOTX	
VOTY	
VOTZ	
VOUA	
VOUB	
VOUC	
VOUD	
VOUE	
VOUF	
VOUG	
VOUH	
VOUI	
VOUJ	
VOUK	
VOUL	
VOUM	
VOUN	
VOUO	
VOUP	
VOUQ	
VOUR	
VOUS	
VOUT	
VOUU	
VOUV	
VOUW	
VOUX	
VOUY	
VOUZ	
VOVA	
VOVB	
VOVC	
VOVD	
VOVE	
VOVF	
VOVG	
VOVH	
VOVI	
VOVJ	
VOVK	
VOVL	
VOVM	
VOVN	
VOVO	
VOVP	
VOVQ	
VOVR	
VOVS	
VOVT	
VOVU	
VOVV	
VOVW	
VOVX	
VOVY	
VOVZ	
VOWA	
VOWB	
VOWC	
VOWD	
VOWE	
VOWF	
VOWG	
VOWH	
VOWI	
VOWJ	
VOWK	
VOWL	
VOWM	
VOWN	
VOWO	
VOWP	
VOWQ	
VOWR	
VOWS	
VOWT	
VOWU	
VOWV	
VOWW	
VOWX	
VOWY	
VOWZ	
VOXA	
VOXB	
VOXC	
VOXD	
VOXE	
VOXF	
VOXG	
VOXH	
VOXI	
VOXJ	
VOXK	
VOXL	
VOXM	
VOXN	
VOXO	
VOXP	
VOXQ	
VOXR	
VOXS	
VOXT	
VOXU	
VOXV	
VOXW	
VOXX	
VOXY	
VOXZ	
VOYA	
VOYB	
VOYC	
VOYD	
VOYE	
VOYF	
VOYG	
VOYH	
VOYI	
VOYJ	
VOYK	
VOYL	
VOYM	
VOYN	
VOYO	
VOYP	
VOYQ	
VOYR	
VOYS	
VOYT	
VOYU	
VOYV	
VOYW	
VOYX	
VOYY	
VOYZ	
VOZA	
VOZB	
VOZC	
VOZD	
VOZE	
VOZF	
VOZG	
VOZH	
VOZI	
VOZJ	
VOZK	
VOZL	
VOZM	
VOZN	
VOZO	
VOZP	
VOZQ	
VOZR	
VOZS	
VOZT	
VOZU	
VOZV	
VOZW	
VOZX	
VOZY	
VOZZ	
VPAA	
VPAB	
VPAC	
VPAD	
VPAE	
VPAF	
VPAG	
VPAH	
VPAI	
VPAJ	
VPAK	
VPAL	
VPAM	
VPAN	
VPAO	
VPAP	
VPAQ	
VPAR	
VPAS	
VPAT	
VPAU	
VPAV	
VPAW	
VPAX	
VPAY	
VPAZ	
VPBA	
VPBB	
VPBC	
VPBD	
VPBE	
VPBF	
VPBG	
VPBH	
VPBI	
VPBJ	
VPBK	
VPBL	
VPBM	
VPBN	
VPBO	
VPBP	
VPBQ	
VPBR	
VPBS	
VPBT	
VPBU	
VPBV	
VPBW	
VPBX	
VPBY	
VPBZ	
VPCA	
VPCB	
VPCC	
VPCD	
VPCE	
VPCF	
VPCG	
VPCH	
VPCI	
VPCJ	
VPCK	
VPCL	
VPCM	
VPCN	
VPCO	
VPCP	
VPCQ	
VPCR	
VPCS	
VPCT	
VPCU	
VPCV	
VPCW	
VPCX	
VPCY	
VPCZ	
VPDA	
VPDB	
VPDC	
VPDD	
VPDE	
VPDF	
VPDG	
VPDH	
VPDI	
VPDJ	
VPDK	
VPDL	
VPDM	
VPDN	
VPDO	
VPDP	
VPDQ	
VPDR	
VPDS	
VPDT	
VPDU	
VPDV	
VPDW	
VPDX	
VPDY	
VPDZ	
VPEA	
VPEB	
VPEC	
VPED	
VPEE	
VPEF	
VPEG	
VPEH	
VPEI	
VPEJ	
VPEK	
VPEL	
VPEM	
VPEN	
VPEO	
VPEP	
VPEQ	
VPER	
VPES	
VPET	
VPEU	
VPEV	
VPEW	
VPEX	
VPEY	
VPEZ	
VPFA	
VPFB	
VPFC	
VPFD	
VPFE	
VPFF	
VPFG	
VPFH	
VPFI	
VPFJ	
VPFK	
VPFL	
VPFM	
VPFN	
VPFO	
VPFP	
VPFQ	
VPFR	
VPFS	
VPFT	
VPFU	
VPFV	
VPFW	
VPFX	
VPFY	
VPFZ	
VPGA	
VPGB	
VPGC	
VPGD	
VPGE	
VPGF	
VPGG	
VPGH	
VPGI	
VPGJ	
VPGK	
VPGL	
VPGM	
VPGN	
VPGO	
VPGP	
VPGQ	
VPGR	
VPGS	
VPGT	
VPGU	
VPGV	
VPGW	
VPGX	
VPGY	
VPGZ	
VPHA	
VPHB	
VPHC	
VPHD	
VPHE	
VPHF	
VPHG	
VPHH	
VPHI	
VPHJ	
VPHK	
VPHL	
VPHM	
VPHN	
VPHO	
VPHP	
VPHQ	
VPHR	
VPHS	
VPHT	
VPHU	
VPHV	
VPHW	
VPHX	
VPHY	
VPHZ	
VPIA	
VPIB	
VPIC	
VPID	
VPIE	
VPIF	
VPIG	
VPIH	
VPII	
VPIJ	
VPIK	
VPIL	
VPIM	
VPIN	
VPIO	
VPIP	
VPIQ	
VPIR	
VPIS	
VPIT	
VPIU	
VPIV	
VPIW	
VPIX	
VPIY	
VPIZ	
VPJA	
VPJB	
VPJC	
VPJD	
VPJE	
VPJF	
VPJG	
VPJH	
VPJI	
VPJJ	
VPJK	
VPJL	
VPJM	
VPJN	
VPJO	
VPJP	
VPJQ	
VPJR	
VPJS	
VPJT	
VPJU	
VPJV	
VPJW	
VPJX	
VPJY	
VPJZ	
VPKA	
VPKB	
VPKC	
VPKD	
VPKE	
VPKF	
VPKG	
VPKH	
VPKI	
VPKJ	
VPKK	
VPKL	
VPKM	
VPKN	
VPKO	
VPKP	
VPKQ	
VPKR	
VPKS	
VPKT	
VPKU	
VPKV	
VPKW	
VPKX	
VPKY	
VPKZ	
VPLA	
VPLB	
VPLC	
VPLD	
VPLE	
VPLF	
VPLG	
VPLH	
VPLI	
VPLJ	
VPLK	
VPLL	
VPLM	
VPLN	
VPLO	
VPLP	
VPLQ	
VPLR	
VPLS	
VPLT	
VPLU	
VPLV	
VPLW	
VPLX	
VPLY	
VPLZ	
VPMA	
VPMB	
VPMC	
VPMD	
VPME	
VPMF	
VPMG	
VPMH	
VPMI	
VPMJ	
VPMK	
VPML	
VPMM	
VPMN	
VPMO	
VPMP	
VPMQ	
VPMR	
VPMS	
VPMT	
VPMU	
VPMV	
VPMW	
VPMX	
VPMY	
VPMZ	
VPNA	
VPNB	
VPNC	
VPND	
VPNE	
VPNF	
VPNG	
VPNH	
VPNI	
VPNJ	
VPNK	
VPNL	
VPNM	
VPNN	
VPNO	
VPNP	
VPNQ	
VPNR	
VPNS	
VPNT	
VPNU	
VPNV	
VPNW	
VPNX	
VPNY	
VPNZ	
VPOA	
VPOB	
VPOC	
VPOD	
VPOE	
VPOF	
VPOG	
VPOH	
VPOI	
VPOJ	
VPOK	
VPOL	
VPOM	
VPON	
VPOO	
VPOP	
VPOQ	
VPOR	
VPOS	
VPOT	
VPOU	
VPOV	
VPOW	
VPOX	
VPOY	
VPOZ	
VPPA	
VPPB	
VPPC	
VPPD	
VPPE	
VPPF	
VPPG	
VPPH	
VPPI	
VPPJ	
VPPK	
VPPL	
VPPM	
VPPN	
VPPO	
VPPP	
VPPQ	
VPPR	
VPPS	
VPPT	
VPPU	
VPPV	
VPPW	
VPPX	
VPPY	
VPPZ	
VPQA	
VPQB	
VPQC	
VPQD	
VPQE	
VPQF	
VPQG	
VPQH	
VPQI	
VPQJ	
VPQK	
VPQL	
VPQM	
VPQN	
VPQO	
VPQP	
VPQQ	
VPQR	
VPQS	
VPQT	
VPQU	
VPQV	
VPQW	
VPQX	
VPQY	
VPQZ	
VPRA	
VPRB	
VPRC	
VPRD	
VPRE	
VPRF	
VPRG	
VPRH	
VPRI	
VPRJ	
VPRK	
VPRL	
VPRM	
VPRN	
VPRO	
VPRP	
VPRQ	
VPRR	
VPRS	
VPRT	
VPRU	
VPRV	
VPRW	
VPRX	
VPRY	
VPRZ	
VPSA	
VPSB	
VPSC	
VPSD	
VPSE	
VPSF	
VPSG	
VPSH	
VPSI	
VPSJ	
VPSK	
VPSL	
VPSM	
VPSN	
VPSO	
VPSP	
VPSQ	
VPSR	
VPSS	
VPST	
VPSU	
VPSV	
VPSW	
VPSX	
VPSY	
VPSZ	
VPTA	
VPTB	
VPTC	
VPTD	
VPTE	
VPTF	
VPTG	
VPTH	
VPTI	
VPTJ	
VPTK	
VPTL	
VPTM	
VPTN	
VPTO	
VPTP	
VPTQ	
VPTR	
VPTS	
VPTT	
VPTU	
VPTV	
VPTW	
VPTX	
VPTY	
VPTZ	
VPUA	
VPUB	
VPUC	
VPUD	
VPUE	
VPUF	
VPUG	
VPUH	
VPUI	
VPUJ	
VPUK	
VPUL	
VPUM	
VPUN	
VPUO	
VPUP	
VPUQ	
VPUR	
VPUS	
VPUT	
VPUU	
VPUV	
VPUW	
VPUX	
VPUY	
VPUZ	
VPVA	
VPVB	
VPVC	
VPVD	
VPVE	
VPVF	
VPVG	
VPVH	
VPVI	
VPVJ	
VPVK	
VPVL	
VPVM	
VPVN	
VPVO	
VPVP	
VPVQ	
VPVR	
VPVS	
VPVT	
VPVU	
VPVV	
VPVW	
VPVX	
VPVY	
VPVZ	
VPWA	
VPWB	
VPWC	
VPWD	
VPWE	
VPWF	
VPWG	
VPWH	
VPWI	
VPWJ	
VPWK	
VPWL	
VPWM	
VPWN	
VPWO	
VPWP	
VPWQ	
VPWR	
VPWS	
VPWT	
VPWU	
VPWV	
VPWW	
VPWX	
VPWY	
VPWZ	
VPXA	
VPXB	
VPXC	
VPXD	
VPXE	
VPXF	
VPXG	
VPXH	
VPXI	
VPXJ	
VPXK	
VPXL	
VPXM	
VPXN	
VPXO	
VPXP	
VPXQ	
VPXR	
VPXS	
VPXT	
VPXU	
VPXV	
VPXW	
VPXX	
VPXY	
VPXZ	
VPYA	
VPYB	
VPYC	
VPYD	
VPYE	
VPYF	
VPYG	
VPYH	
VPYI	
VPYJ	
VPYK	
VPYL	
VPYM	
VPYN	
VPYO	
VPYP	
VPYQ	
VPYR	
VPYS	
VPYT	
VPYU	
VPYV	
VPYW	
VPYX	
VPYY	
VPYZ	
VPZA	
VPZB	
VPZC	
VPZD	
VPZE	
VPZF	
VPZG	
VPZH	
VPZI	
VPZJ	
VPZK	
VPZL	
VPZM	
VPZN	
VPZO	
VPZP	
VPZQ	
VPZR	
VPZS	
VPZT	
VPZU	
VPZV	
VPZW	
VPZX	
VPZY	
VPZZ	
VQAA	
VQAB	
VQAC	
VQAD	
VQAE	
VQAF	
VQAG	
VQAH	
VQAI	
VQAJ	
VQAK	
VQAL	
VQAM	
VQAN	
VQAO	
VQAP	
VQAQ	
VQAR	
VQAS	
VQAT	
VQAU	
VQAV	
VQAW	
VQAX	
VQAY	
VQAZ	
VQBA	
VQBB	
VQBC	
VQBD	
VQBE	
VQBF	
VQBG	
VQBH	
VQBI	
VQBJ	
VQBK	
VQBL	
VQBM	
VQBN	
VQBO	
VQBP	
VQBQ	
VQBR	
VQBS	
VQBT	
VQBU	
VQBV	
VQBW	
VQBX	
VQBY	
VQBZ	
VQCA	
VQCB	
VQCC	
VQCD	
VQCE	
VQCF	
VQCG	
VQCH	
VQCI	
VQCJ	
VQCK	
VQCL	
VQCM	
VQCN	
VQCO	
VQCP	
VQCQ	
VQCR	
VQCS	
VQCT	
VQCU	
VQCV	
VQCW	
VQCX	
VQCY	
VQCZ	
VQDA	
VQDB	
VQDC	
VQDD	
VQDE	
VQDF	
VQDG	
VQDH	
VQDI	
VQDJ	
VQDK	
VQDL	
VQDM	
VQDN	
VQDO	
VQDP	
VQDQ	
VQDR	
VQDS	
VQDT	
VQDU	
VQDV	
VQDW	
VQDX	
VQDY	
VQDZ	
VQEA	
VQEB	
VQEC	
VQED	
VQEE	
VQEF	
VQEG	
VQEH	
VQEI	
VQEJ	
VQEK	
VQEL	
VQEM	
VQEN	
VQEO	
VQEP	
VQEQ	
VQER	
VQES	
VQET	
VQEU	
VQEV	
VQEW	
VQEX	
VQEY	
VQEZ	
VQFA	
VQFB	
VQFC	
VQFD	
VQFE	
VQFF	
VQFG	
VQFH	
VQFI	
VQFJ	
VQFK	
VQFL	
VQFM	
VQFN	
VQFO	
VQFP	
VQFQ	
VQFR	
VQFS	
VQFT	
VQFU	
VQFV	
VQFW	
VQFX	
VQFY	
VQFZ	
VQGA	
VQGB	
VQGC	
VQGD	
VQGE	
VQGF	
VQGG	
VQGH	
VQGI	
VQGJ	
VQGK	
VQGL	
VQGM	
VQGN	
VQGO	
VQGP	
VQGQ	
VQGR	
VQGS	
VQGT	
VQGU	
VQGV	
VQGW	
VQGX	
VQGY	
VQGZ	
VQHA	
VQHB	
VQHC	
VQHD	
VQHE	
VQHF	
VQHG	
VQHH	
VQHI	
VQHJ	
VQHK	
VQHL	
VQHM	
VQHN	
VQHO	
VQHP	
VQHQ	
VQHR	
VQHS	
VQHT	
VQHU	
VQHV	
VQHW	
VQHX	
VQHY	
VQHZ	
VQIA	
VQIB	
VQIC	
VQID	
VQIE	
VQIF	
VQIG	
VQIH	
VQII	
VQIJ	
VQIK	
VQIL	
VQIM	
VQIN	
VQIO	
VQIP	
VQIQ	
VQIR	
VQIS	
VQIT	
VQIU	
VQIV	
VQIW	
VQIX	
VQIY	
VQIZ	
VQJA	
VQJB	
VQJC	
VQJD	
VQJE	
VQJF	
VQJG	
VQJH	
VQJI	
VQJJ	
VQJK	
VQJL	
VQJM	
VQJN	
VQJO	
VQJP	
VQJQ	
VQJR	
VQJS	
VQJT	
VQJU	
VQJV	
VQJW	
VQJX	
VQJY	
VQJZ	
VQKA	
VQKB	
VQKC	
VQKD	
VQKE	
VQKF	
VQKG	
VQKH	
VQKI	
VQKJ	
VQKK	
VQKL	
VQKM	
VQKN	
VQKO	
VQKP	
VQKQ	
VQKR	
VQKS	
VQKT	
VQKU	
VQKV	
VQKW	
VQKX	
VQKY	
VQKZ	
VQLA	
VQLB	
VQLC	
VQLD	
VQLE	
VQLF	
VQLG	
VQLH	
VQLI	
VQLJ	
VQLK	
VQLL	
VQLM	
VQLN	
VQLO	
VQLP	
VQLQ	
VQLR	
VQLS	
VQLT	
VQLU	
VQLV	
VQLW	
VQLX	
VQLY	
VQLZ	
VQMA	
VQMB	
VQMC	
VQMD	
VQME	
VQMF	
VQMG	
VQMH	
VQMI	
VQMJ	
VQMK	
VQML	
VQMM	
VQMN	
VQMO	
VQMP	
VQMQ	
VQMR	
VQMS	
VQMT	
VQMU	
VQMV	
VQMW	
VQMX	
VQMY	
VQMZ	
VQNA	
VQNB	
VQNC	
VQND	
VQNE	
VQNF	
VQNG	
VQNH	
VQNI	
VQNJ	
VQNK	
VQNL	
VQNM	
VQNN	
VQNO	
VQNP	
VQNQ	
VQNR	
VQNS	
VQNT	
VQNU	
VQNV	
VQNW	
VQNX	
VQNY	
VQNZ	
VQOA	
VQOB	
VQOC	
VQOD	
VQOE	
VQOF	
VQOG	
VQOH	
VQOI	
VQOJ	
VQOK	
VQOL	
VQOM	
VQON	
VQOO	
VQOP	
VQOQ	
VQOR	
VQOS	
VQOT	
VQOU	
VQOV	
VQOW	
VQOX	
VQOY	
VQOZ	
VQPA	
VQPB	
VQPC	
VQPD	
VQPE	
VQPF	
VQPG	
VQPH	
VQPI	
VQPJ	
VQPK	
VQPL	
VQPM	
VQPN	
VQPO	
VQPP	
VQPQ	
VQPR	
VQPS	
VQPT	
VQPU	
VQPV	
VQPW	
VQPX	
VQPY	
VQPZ	
VQQA	
VQQB	
VQQC	
VQQD	
VQQE	
VQQF	
VQQG	
VQQH	
VQQI	
VQQJ	
VQQK	
VQQL	
VQQM	
VQQN	
VQQO	
VQQP	
VQQQ	
VQQR	
VQQS	
VQQT	
VQQU	
VQQV	
VQQW	
VQQX	
VQQY	
VQQZ	
VQRA	
VQRB	
VQRC	
VQRD	
VQRE	
VQRF	
VQRG	
VQRH	
VQRI	
VQRJ	
VQRK	
VQRL	
VQRM	
VQRN	
VQRO	
VQRP	
VQRQ	
VQRR	
VQRS	
VQRT	
VQRU	
VQRV	
VQRW	
VQRX	
VQRY	
VQRZ	
VQSA	
VQSB	
VQSC	
VQSD	
VQSE	
VQSF	
VQSG	
VQSH	
VQSI	
VQSJ	
VQSK	
VQSL	
VQSM	
VQSN	
VQSO	
VQSP	
VQSQ	
VQSR	
VQSS	
VQST	
VQSU	
VQSV	
VQSW	
VQSX	
VQSY	
VQSZ	
VQTA	
VQTB	
VQTC	
VQTD	
VQTE	
VQTF	
VQTG	
VQTH	
VQTI	
VQTJ	
VQTK	
VQTL	
VQTM	
VQTN	
VQTO	
VQTP	
VQTQ	
VQTR	
VQTS	
VQTT	
VQTU	
VQTV	
VQTW	
VQTX	
VQTY	
VQTZ	
VQUA	
VQUB	
VQUC	
VQUD	
VQUE	
VQUF	
VQUG	
VQUH	
VQUI	
VQUJ	
VQUK	
VQUL	
VQUM	
VQUN	
VQUO	
VQUP	
VQUQ	
VQUR	
VQUS	
VQUT	
VQUU	
VQUV	
VQUW	
VQUX	
VQUY	
VQUZ	
VQVA	
VQVB	
VQVC	
VQVD	
VQVE	
VQVF	
VQVG	
VQVH	
VQVI	
VQVJ	
VQVK	
VQVL	
VQVM	
VQVN	
VQVO	
VQVP	
VQVQ	
VQVR	
VQVS	
VQVT	
VQVU	
VQVV	
VQVW	
VQVX	
VQVY	
VQVZ	
VQWA	
VQWB	
VQWC	
VQWD	
VQWE	
VQWF	
VQWG	
VQWH	
VQWI	
VQWJ	
VQWK	
VQWL	
VQWM	
VQWN	
VQWO	
VQWP	
VQWQ	
VQWR	
VQWS	
VQWT	
VQWU	
VQWV	
VQWW	
VQWX	
VQWY	
VQWZ	
VQXA	
VQXB	
VQXC	
VQXD	
VQXE	
VQXF	
VQXG	
VQXH	
VQXI	
VQXJ	
VQXK	
VQXL	
VQXM	
VQXN	
VQXO	
VQXP	
VQXQ	
VQXR	
VQXS	
VQXT	
VQXU	
VQXV	
VQXW	
VQXX	
VQXY	
VQXZ	
VQYA	
VQYB	
VQYC	
VQYD	
VQYE	
VQYF	
VQYG	
VQYH	
VQYI	
VQYJ	
VQYK	
VQYL	
VQYM	
VQYN	
VQYO	
VQYP	
VQYQ	
VQYR	
VQYS	
VQYT	
VQYU	
VQYV	
VQYW	
VQYX	
VQYY	
VQYZ	
VQZA	
VQZB	
VQZC	
VQZD	
VQZE	
VQZF	
VQZG	
VQZH	
VQZI	
VQZJ	
VQZK	
VQZL	
VQZM	
VQZN	
VQZO	
VQZP	
VQZQ	
VQZR	
VQZS	
VQZT	
VQZU	
VQZV	
VQZW	
VQZX	
VQZY	
VQZZ	
VRAA	
VRAB	
VRAC	
VRAD	
VRAE	
VRAF	
VRAG	
VRAH	
VRAI	
VRAJ	
VRAK	
VRAL	
VRAM	
VRAN	
VRAO	
VRAP	
VRAQ	
VRAR	
VRAS	
VRAT	
VRAU	
VRAV	
VRAW	
VRAX	
VRAY	
VRAZ	
VRBA	
VRBB	
VRBC	
VRBD	
VRBE	
VRBF	
VRBG	
VRBH	
VRBI	
VRBJ	
VRBK	
VRBL	
VRBM	
VRBN	
VRBO	
VRBP	
VRBQ	
VRBR	
VRBS	
VRBT	
VRBU	
VRBV	
VRBW	
VRBX	
VRBY	
VRBZ	
VRCA	
VRCB	
VRCC	
VRCD	
VRCE	
VRCF	
VRCG	
VRCH	
VRCI	
VRCJ	
VRCK	
VRCL	
VRCM	
VRCN	
VRCO	
VRCP	
VRCQ	
VRCR	
VRCS	
VRCT	
VRCU	
VRCV	
VRCW	
VRCX	
VRCY	
VRCZ	
VRDA	
VRDB	
VRDC	
VRDD	
VRDE	
VRDF	
VRDG	
VRDH	
VRDI	
VRDJ	
VRDK	
VRDL	
VRDM	
VRDN	
VRDO	
VRDP	
VRDQ	
VRDR	
VRDS	
VRDT	
VRDU	
VRDV	
VRDW	
VRDX	
VRDY	
VRDZ	
VREA	
VREB	
VREC	
VRED	
VREE	
VREF	
VREG	
VREH	
VREI	
VREJ	
VREK	
VREL	
VREM	
VREN	
VREO	
VREP	
VREQ	
VRER	
VRES	
VRET	
VREU	
VREV	
VREW	
VREX	
VREY	
VREZ	
VRFA	
VRFB	
VRFC	
VRFD	
VRFE	
VRFF	
VRFG	
VRFH	
VRFI	
VRFJ	
VRFK	
VRFL	
VRFM	
VRFN	
VRFO	
VRFP	
VRFQ	
VRFR	
VRFS	
VRFT	
VRFU	
VRFV	
VRFW	
VRFX	
VRFY	
VRFZ	
VRGA	
VRGB	
VRGC	
VRGD	
VRGE	
VRGF	
VRGG	
VRGH	
VRGI	
VRGJ	
VRGK	
VRGL	
VRGM	
VRGN	
VRGO	
VRGP	
VRGQ	
VRGR	
VRGS	
VRGT	
VRGU	
VRGV	
VRGW	
VRGX	
VRGY	
VRGZ	
VRHA	
VRHB	
VRHC	
VRHD	
VRHE	
VRHF	
VRHG	
VRHH	
VRHI	
VRHJ	
VRHK	
VRHL	
VRHM	
VRHN	
VRHO	
VRHP	
VRHQ	
VRHR	
VRHS	
VRHT	
VRHU	
VRHV	
VRHW	
VRHX	
VRHY	
VRHZ	
VRIA	
VRIB	
VRIC	
VRID	
VRIE	
VRIF	
VRIG	
VRIH	
VRII	
VRIJ	
VRIK	
VRIL	
VRIM	
VRIN	
VRIO	
VRIP	
VRIQ	
VRIR	
VRIS	
VRIT	
VRIU	
VRIV	
VRIW	
VRIX	
VRIY	
VRIZ	
VRJA	
VRJB	
VRJC	
VRJD	
VRJE	
VRJF	
VRJG	
VRJH	
VRJI	
VRJJ	
VRJK	
VRJL	
VRJM	
VRJN	
VRJO	
VRJP	
VRJQ	
VRJR	
VRJS	
VRJT	
VRJU	
VRJV	
VRJW	
VRJX	
VRJY	
VRJZ	
VRKA	
VRKB	
VRKC	
VRKD	
VRKE	
VRKF	
VRKG	
VRKH	
VRKI	
VRKJ	
VRKK	
VRKL	
VRKM	
VRKN	
VRKO	
VRKP	
VRKQ	
VRKR	
VRKS	
VRKT	
VRKU	
VRKV	
VRKW	
VRKX	
VRKY	
VRKZ	
VRLA	
VRLB	
VRLC	
VRLD	
VRLE	
VRLF	
VRLG	
VRLH	
VRLI	
VRLJ	
VRLK	
VRLL	
VRLM	
VRLN	
VRLO	
VRLP	
VRLQ	
VRLR	
VRLS	
VRLT	
VRLU	
VRLV	
VRLW	
VRLX	
VRLY	
VRLZ	
VRMA	
VRMB	
VRMC	
VRMD	
VRME	
VRMF	
VRMG	
VRMH	
VRMI	
VRMJ	
VRMK	
VRML	
VRMM	
VRMN	
VRMO	
VRMP	
VRMQ	
VRMR	
VRMS	
VRMT	
VRMU	
VRMV	
VRMW	
VRMX	
VRMY	
VRMZ	
VRNA	
VRNB	
VRNC	
VRND	
VRNE	
VRNF	
VRNG	
VRNH	
VRNI	
VRNJ	
VRNK	
VRNL	
VRNM	
VRNN	
VRNO	
VRNP	
VRNQ	
VRNR	
VRNS	
VRNT	
VRNU	
VRNV	
VRNW	
VRNX	
VRNY	
VRNZ	
VROA	
VROB	
VROC	
VROD	
VROE	
VROF	
VROG	
VROH	
VROI	
VROJ	
VROK	
VROL	
VROM	
VRON	
VROO	
VROP	
VROQ	
VROR	
VROS	
VROT	
VROU	
VROV	
VROW	
VROX	
VROY	
VROZ	
VRPA	
VRPB	
VRPC	
VRPD	
VRPE	
VRPF	
VRPG	
VRPH	
VRPI	
VRPJ	
VRPK	
VRPL	
VRPM	
VRPN	
VRPO	
VRPP	
VRPQ	
VRPR	
VRPS	
VRPT	
VRPU	
VRPV	
VRPW	
VRPX	
VRPY	
VRPZ	
VRQA	
VRQB	
VRQC	
VRQD	
VRQE	
VRQF	
VRQG	
VRQH	
VRQI	
VRQJ	
VRQK	
VRQL	
VRQM	
VRQN	
VRQO	
VRQP	
VRQQ	
VRQR	
VRQS	
VRQT	
VRQU	
VRQV	
VRQW	
VRQX	
VRQY	
VRQZ	
VRRA	
VRRB	
VRRC	
VRRD	
VRRE	
VRRF	
VRRG	
VRRH	
VRRI	
VRRJ	
VRRK	
VRRL	
VRRM	
VRRN	
VRRO	
VRRP	
VRRQ	
VRRR	
VRRS	
VRRT	
VRRU	
VRRV	
VRRW	
VRRX	
VRRY	
VRRZ	
VRSA	
VRSB	
VRSC	
VRSD	
VRSE	
VRSF	
VRSG	
VRSH	
VRSI	
VRSJ	
VRSK	
VRSL	
VRSM	
VRSN	
VRSO	
VRSP	
VRSQ	
VRSR	
VRSS	
VRST	
VRSU	
VRSV	
VRSW	
VRSX	
VRSY	
VRSZ	
VRTA	
VRTB	
VRTC	
VRTD	
VRTE	
VRTF	
VRTG	
VRTH	
VRTI	
VRTJ	
VRTK	
VRTL	
VRTM	
VRTN	
VRTO	
VRTP	
VRTQ	
VRTR	
VRTS	
VRTT	
VRTU	
VRTV	
VRTW	
VRTX	
VRTY	
VRTZ	
VRUA	
VRUB	
VRUC	
VRUD	
VRUE	
VRUF	
VRUG	
VRUH	
VRUI	
VRUJ	
VRUK	
VRUL	
VRUM	
VRUN	
VRUO	
VRUP	
VRUQ	
VRUR	
VRUS	
VRUT	
VRUU	
VRUV	
VRUW	
VRUX	
VRUY	
VRUZ	
VRVA	
VRVB	
VRVC	
VRVD	
VRVE	
VRVF	
VRVG	
VRVH	
VRVI	
VRVJ	
VRVK	
VRVL	
VRVM	
VRVN	
VRVO	
VRVP	
VRVQ	
VRVR	
VRVS	
VRVT	
VRVU	
VRVV	
VRVW	
VRVX	
VRVY	
VRVZ	
VRWA	
VRWB	
VRWC	
VRWD	
VRWE	
VRWF	
VRWG	
VRWH	
VRWI	
VRWJ	
VRWK	
VRWL	
VRWM	
VRWN	
VRWO	
VRWP	
VRWQ	
VRWR	
VRWS	
VRWT	
VRWU	
VRWV	
VRWW	
VRWX	
VRWY	
VRWZ	
VRXA	
VRXB	
VRXC	
VRXD	
VRXE	
VRXF	
VRXG	
VRXH	
VRXI	
VRXJ	
VRXK	
VRXL	
VRXM	
VRXN	
VRXO	
VRXP	
VRXQ	
VRXR	
VRXS	
VRXT	
VRXU	
VRXV	
VRXW	
VRXX	
VRXY	
VRXZ	
VRYA	
VRYB	
VRYC	
VRYD	
VRYE	
VRYF	
VRYG	
VRYH	
VRYI	
VRYJ	
VRYK	
VRYL	
VRYM	
VRYN	
VRYO	
VRYP	
VRYQ	
VRYR	
VRYS	
VRYT	
VRYU	
VRYV	
VRYW	
VRYX	
VRYY	
VRYZ	
VRZA	
VRZB	
VRZC	
VRZD	
VRZE	
VRZF	
VRZG	
VRZH	
VRZI	
VRZJ	
VRZK	
VRZL	
VRZM	
VRZN	
VRZO	
VRZP	
VRZQ	
VRZR	
VRZS	
VRZT	
VRZU	
VRZV	
VRZW	
VRZX	
VRZY	
VRZZ	
VSAA	
VSAB	
VSAC	
VSAD	
VSAE	
VSAF	
VSAG	
VSAH	
VSAI	
VSAJ	
VSAK	
VSAL	
VSAM	
VSAN	
VSAO	
VSAP	
VSAQ	
VSAR	
VSAS	
VSAT	
VSAU	
VSAV	
VSAW	
VSAX	
VSAY	
VSAZ	
VSBA	
VSBB	
VSBC	
VSBD	
VSBE	
VSBF	
VSBG	
VSBH	
VSBI	
VSBJ	
VSBK	
VSBL	
VSBM	
VSBN	
VSBO	
VSBP	
VSBQ	
VSBR	
VSBS	
VSBT	
VSBU	
VSBV	
VSBW	
VSBX	
VSBY	
VSBZ	
VSCA	
VSCB	
VSCC	
VSCD	
VSCE	
VSCF	
VSCG	
VSCH	
VSCI	
VSCJ	
VSCK	
VSCL	
VSCM	
VSCN	
VSCO	
VSCP	
VSCQ	
VSCR	
VSCS	
VSCT	
VSCU	
VSCV	
VSCW	
VSCX	
VSCY	
VSCZ	
VSDA	
VSDB	
VSDC	
VSDD	
VSDE	
VSDF	
VSDG	
VSDH	
VSDI	
VSDJ	
VSDK	
VSDL	
VSDM	
VSDN	
VSDO	
VSDP	
VSDQ	
VSDR	
VSDS	
VSDT	
VSDU	
VSDV	
VSDW	
VSDX	
VSDY	
VSDZ	
VSEA	
VSEB	
VSEC	
VSED	
VSEE	
VSEF	
VSEG	
VSEH	
VSEI	
VSEJ	
VSEK	
VSEL	
VSEM	
VSEN	
VSEO	
VSEP	
VSEQ	
VSER	
VSES	
VSET	
VSEU	
VSEV	
VSEW	
VSEX	
VSEY	
VSEZ	
VSFA	
VSFB	
VSFC	
VSFD	
VSFE	
VSFF	
VSFG	
VSFH	
VSFI	
VSFJ	
VSFK	
VSFL	
VSFM	
VSFN	
VSFO	
VSFP	
VSFQ	
VSFR	
VSFS	
VSFT	
VSFU	
VSFV	
VSFW	
VSFX	
VSFY	
VSFZ	
VSGA	
VSGB	
VSGC	
VSGD	
VSGE	
VSGF	
VSGG	
VSGH	
VSGI	
VSGJ	
VSGK	
VSGL	
VSGM	
VSGN	
VSGO	
VSGP	
VSGQ	
VSGR	
VSGS	
VSGT	
VSGU	
VSGV	
VSGW	
VSGX	
VSGY	
VSGZ	
VSHA	
VSHB	
VSHC	
VSHD	
VSHE	
VSHF	
VSHG	
VSHH	
VSHI	
VSHJ	
VSHK	
VSHL	
VSHM	
VSHN	
VSHO	
VSHP	
VSHQ	
VSHR	
VSHS	
VSHT	
VSHU	
VSHV	
VSHW	
VSHX	
VSHY	
VSHZ	
VSIA	
VSIB	
VSIC	
VSID	
VSIE	
VSIF	
VSIG	
VSIH	
VSII	
VSIJ	
VSIK	
VSIL	
VSIM	
VSIN	
VSIO	
VSIP	
VSIQ	
VSIR	
VSIS	
VSIT	
VSIU	
VSIV	
VSIW	
VSIX	
VSIY	
VSIZ	
VSJA	
VSJB	
VSJC	
VSJD	
VSJE	
VSJF	
VSJG	
VSJH	
VSJI	
VSJJ	
VSJK	
VSJL	
VSJM	
VSJN	
VSJO	
VSJP	
VSJQ	
VSJR	
VSJS	
VSJT	
VSJU	
VSJV	
VSJW	
VSJX	
VSJY	
VSJZ	
VSKA	
VSKB	
VSKC	
VSKD	
VSKE	
VSKF	
VSKG	
VSKH	
VSKI	
VSKJ	
VSKK	
VSKL	
VSKM	
VSKN	
VSKO	
VSKP	
VSKQ	
VSKR	
VSKS	
VSKT	
VSKU	
VSKV	
VSKW	
VSKX	
VSKY	
VSKZ	
VSLA	
VSLB	
VSLC	
VSLD	
VSLE	
VSLF	
VSLG	
VSLH	
VSLI	
VSLJ	
VSLK	
VSLL	
VSLM	
VSLN	
VSLO	
VSLP	
VSLQ	
VSLR	
VSLS	
VSLT	
VSLU	
VSLV	
VSLW	
VSLX	
VSLY	
VSLZ	
VSMA	
VSMB	
VSMC	
VSMD	
VSME	
VSMF	
VSMG	
VSMH	
VSMI	
VSMJ	
VSMK	
VSML	
VSMM	
VSMN	
VSMO	
VSMP	
VSMQ	
VSMR	
VSMS	
VSMT	
VSMU	
VSMV	
VSMW	
VSMX	
VSMY	
VSMZ	
VSNA	
VSNB	
VSNC	
VSND	
VSNE	
VSNF	
VSNG	
VSNH	
VSNI	
VSNJ	
VSNK	
VSNL	
VSNM	
VSNN	
VSNO	
VSNP	
VSNQ	
VSNR	
VSNS	
VSNT	
VSNU	
VSNV	
VSNW	
VSNX	
VSNY	
VSNZ	
VSOA	
VSOB	
VSOC	
VSOD	
VSOE	
VSOF	
VSOG	
VSOH	
VSOI	
VSOJ	
VSOK	
VSOL	
VSOM	
VSON	
VSOO	
VSOP	
VSOQ	
VSOR	
VSOS	
VSOT	
VSOU	
VSOV	
VSOW	
VSOX	
VSOY	
VSOZ	
VSPA	
VSPB	
VSPC	
VSPD	
VSPE	
VSPF	
VSPG	
VSPH	
VSPI	
VSPJ	
VSPK	
VSPL	
VSPM	
VSPN	
VSPO	
VSPP	
VSPQ	
VSPR	
VSPS	
VSPT	
VSPU	
VSPV	
VSPW	
VSPX	
VSPY	
VSPZ	
VSQA	
VSQB	
VSQC	
VSQD	
VSQE	
VSQF	
VSQG	
VSQH	
VSQI	
VSQJ	
VSQK	
VSQL	
VSQM	
VSQN	
VSQO	
VSQP	
VSQQ	
VSQR	
VSQS	
VSQT	
VSQU	
VSQV	
VSQW	
VSQX	
VSQY	
VSQZ	
VSRA	
VSRB	
VSRC	
VSRD	
VSRE	
VSRF	
VSRG	
VSRH	
VSRI	
VSRJ	
VSRK	
VSRL	
VSRM	
VSRN	
VSRO	
VSRP	
VSRQ	
VSRR	
VSRS	
VSRT	
VSRU	
VSRV	
VSRW	
VSRX	
VSRY	
VSRZ	
VSSA	
VSSB	
VSSC	
VSSD	
VSSE	
VSSF	
VSSG	
VSSH	
VSSI	
VSSJ	
VSSK	
VSSL	
VSSM	
VSSN	
VSSO	
VSSP	
VSSQ	
VSSR	
VSSS	
VSST	
VSSU	
VSSV	
VSSW	
VSSX	
VSSY	
VSSZ	
VSTA	
VSTB	
VSTC	
VSTD	
VSTE	
VSTF	
VSTG	
VSTH	
VSTI	
VSTJ	
VSTK	
VSTL	
VSTM	
VSTN	
VSTO	
VSTP	
VSTQ	
VSTR	
VSTS	
VSTT	
VSTU	
VSTV	
VSTW	
VSTX	
VSTY	
VSTZ	
VSUA	
VSUB	
VSUC	
VSUD	
VSUE	
VSUF	
VSUG	
VSUH	
VSUI	
VSUJ	
VSUK	
VSUL	
VSUM	
VSUN	
VSUO	
VSUP	
VSUQ	
VSUR	
VSUS	
VSUT	
VSUU	
VSUV	
VSUW	
VSUX	
VSUY	
VSUZ	
VSVA	
VSVB	
VSVC	
VSVD	
VSVE	
VSVF	
VSVG	
VSVH	
VSVI	
VSVJ	
VSVK	
VSVL	
VSVM	
VSVN	
VSVO	
VSVP	
VSVQ	
VSVR	
VSVS	
VSVT	
VSVU	
VSVV	
VSVW	
VSVX	
VSVY	
VSVZ	
VSWA	
VSWB	
VSWC	
VSWD	
VSWE	
VSWF	
VSWG	
VSWH	
VSWI	
VSWJ	
VSWK	
VSWL	
VSWM	
VSWN	
VSWO	
VSWP	
VSWQ	
VSWR	
VSWS	
VSWT	
VSWU	
VSWV	
VSWW	
VSWX	
VSWY	
VSWZ	
VSXA	
VSXB	
VSXC	
VSXD	
VSXE	
VSXF	
VSXG	
VSXH	
VSXI	
VSXJ	
VSXK	
VSXL	
VSXM	
VSXN	
VSXO	
VSXP	
VSXQ	
VSXR	
VSXS	
VSXT	
VSXU	
VSXV	
VSXW	
VSXX	
VSXY	
VSXZ	
VSYA	
VSYB	
VSYC	
VSYD	
VSYE	
VSYF	
VSYG	
VSYH	
VSYI	
VSYJ	
VSYK	
VSYL	
VSYM	
VSYN	
VSYO	
VSYP	
VSYQ	
VSYR	
VSYS	
VSYT	
VSYU	
VSYV	
VSYW	
VSYX	
VSYY	
VSYZ	
VSZA	
VSZB	
VSZC	
VSZD	
VSZE	
VSZF	
VSZG	
VSZH	
VSZI	
VSZJ	
VSZK	
VSZL	
VSZM	
VSZN	
VSZO	
VSZP	
VSZQ	
VSZR	
VSZS	
VSZT	
VSZU	
VSZV	
VSZW	
VSZX	
VSZY	
VSZZ	
VTAA	
VTAB	
VTAC	
VTAD	
VTAE	
VTAF	
VTAG	
VTAH	
VTAI	
VTAJ	
VTAK	
VTAL	
VTAM	
VTAN	
VTAO	
VTAP	
VTAQ	
VTAR	
VTAS	
VTAT	
VTAU	
VTAV	
VTAW	
VTAX	
VTAY	
VTAZ	
VTBA	
VTBB	
VTBC	
VTBD	
VTBE	
VTBF	
VTBG	
VTBH	
VTBI	
VTBJ	
VTBK	
VTBL	
VTBM	
VTBN	
VTBO	
VTBP	
VTBQ	
VTBR	
VTBS	
VTBT	
VTBU	
VTBV	
VTBW	
VTBX	
VTBY	
VTBZ	
VTCA	
VTCB	
VTCC	
VTCD	
VTCE	
VTCF	
VTCG	
VTCH	
VTCI	
VTCJ	
VTCK	
VTCL	
VTCM	
VTCN	
VTCO	
VTCP	
VTCQ	
VTCR	
VTCS	
VTCT	
VTCU	
VTCV	
VTCW	
VTCX	
VTCY	
VTCZ	
VTDA	
VTDB	
VTDC	
VTDD	
VTDE	
VTDF	
VTDG	
VTDH	
VTDI	
VTDJ	
VTDK	
VTDL	
VTDM	
VTDN	
VTDO	
VTDP	
VTDQ	
VTDR	
VTDS	
VTDT	
VTDU	
VTDV	
VTDW	
VTDX	
VTDY	
VTDZ	
VTEA	
VTEB	
VTEC	
VTED	
VTEE	
VTEF	
VTEG	
VTEH	
VTEI	
VTEJ	
VTEK	
VTEL	
VTEM	
VTEN	
VTEO	
VTEP	
VTEQ	
VTER	
VTES	
VTET	
VTEU	
VTEV	
VTEW	
VTEX	
VTEY	
VTEZ	
VTFA	
VTFB	
VTFC	
VTFD	
VTFE	
VTFF	
VTFG	
VTFH	
VTFI	
VTFJ	
VTFK	
VTFL	
VTFM	
VTFN	
VTFO	
VTFP	
VTFQ	
VTFR	
VTFS	
VTFT	
VTFU	
VTFV	
VTFW	
VTFX	
VTFY	
VTFZ	
VTGA	
VTGB	
VTGC	
VTGD	
VTGE	
VTGF	
VTGG	
VTGH	
VTGI	
VTGJ	
VTGK	
VTGL	
VTGM	
VTGN	
VTGO	
VTGP	
VTGQ	
VTGR	
VTGS	
VTGT	
VTGU	
VTGV	
VTGW	
VTGX	
VTGY	
VTGZ	
VTHA	
VTHB	
VTHC	
VTHD	
VTHE	
VTHF	
VTHG	
VTHH	
VTHI	
VTHJ	
VTHK	
VTHL	
VTHM	
VTHN	
VTHO	
VTHP	
VTHQ	
VTHR	
VTHS	
VTHT	
VTHU	
VTHV	
VTHW	
VTHX	
VTHY	
VTHZ	
VTIA	
VTIB	
VTIC	
VTID	
VTIE	
VTIF	
VTIG	
VTIH	
VTII	
VTIJ	
VTIK	
VTIL	
VTIM	
VTIN	
VTIO	
VTIP	
VTIQ	
VTIR	
VTIS	
VTIT	
VTIU	
VTIV	
VTIW	
VTIX	
VTIY	
VTIZ	
VTJA	
VTJB	
VTJC	
VTJD	
VTJE	
VTJF	
VTJG	
VTJH	
VTJI	
VTJJ	
VTJK	
VTJL	
VTJM	
VTJN	
VTJO	
VTJP	
VTJQ	
VTJR	
VTJS	
VTJT	
VTJU	
VTJV	
VTJW	
VTJX	
VTJY	
VTJZ	
VTKA	
VTKB	
VTKC	
VTKD	
VTKE	
VTKF	
VTKG	
VTKH	
VTKI	
VTKJ	
VTKK	
VTKL	
VTKM	
VTKN	
VTKO	
VTKP	
VTKQ	
VTKR	
VTKS	
VTKT	
VTKU	
VTKV	
VTKW	
VTKX	
VTKY	
VTKZ	
VTLA	
VTLB	
VTLC	
VTLD	
VTLE	
VTLF	
VTLG	
VTLH	
VTLI	
VTLJ	
VTLK	
VTLL	
VTLM	
VTLN	
VTLO	
VTLP	
VTLQ	
VTLR	
VTLS	
VTLT	
VTLU	
VTLV	
VTLW	
VTLX	
VTLY	
VTLZ	
VTMA	
VTMB	
VTMC	
VTMD	
VTME	
VTMF	
VTMG	
VTMH	
VTMI	
VTMJ	
VTMK	
VTML	
VTMM	
VTMN	
VTMO	
VTMP	
VTMQ	
VTMR	
VTMS	
VTMT	
VTMU	
VTMV	
VTMW	
VTMX	
VTMY	
VTMZ	
VTNA	
VTNB	
VTNC	
VTND	
VTNE	
VTNF	
VTNG	
VTNH	
VTNI	
VTNJ	
VTNK	
VTNL	
VTNM	
VTNN	
VTNO	
VTNP	
VTNQ	
VTNR	
VTNS	
VTNT	
VTNU	
VTNV	
VTNW	
VTNX	
VTNY	
VTNZ	
VTOA	
VTOB	
VTOC	
VTOD	
VTOE	
VTOF	
VTOG	
VTOH	
VTOI	
VTOJ	
VTOK	
VTOL	
VTOM	
VTON	
VTOO	
VTOP	
VTOQ	
VTOR	
VTOS	
VTOT	
VTOU	
VTOV	
VTOW	
VTOX	
VTOY	
VTOZ	
VTPA	
VTPB	
VTPC	
VTPD	
VTPE	
VTPF	
VTPG	
VTPH	
VTPI	
VTPJ	
VTPK	
VTPL	
VTPM	
VTPN	
VTPO	
VTPP	
VTPQ	
VTPR	
VTPS	
VTPT	
VTPU	
VTPV	
VTPW	
VTPX	
VTPY	
VTPZ	
VTQA	
VTQB	
VTQC	
VTQD	
VTQE	
VTQF	
VTQG	
VTQH	
VTQI	
VTQJ	
VTQK	
VTQL	
VTQM	
VTQN	
VTQO	
VTQP	
VTQQ	
VTQR	
VTQS	
VTQT	
VTQU	
VTQV	
VTQW	
VTQX	
VTQY	
VTQZ	
VTRA	
VTRB	
VTRC	
VTRD	
VTRE	
VTRF	
VTRG	
VTRH	
VTRI	
VTRJ	
VTRK	
VTRL	
VTRM	
VTRN	
VTRO	
VTRP	
VTRQ	
VTRR	
VTRS	
VTRT	
VTRU	
VTRV	
VTRW	
VTRX	
VTRY	
VTRZ	
VTSA	
VTSB	
VTSC	
VTSD	
VTSE	
VTSF	
VTSG	
VTSH	
VTSI	
VTSJ	
VTSK	
VTSL	
VTSM	
VTSN	
VTSO	
VTSP	
VTSQ	
VTSR	
VTSS	
VTST	
VTSU	
VTSV	
VTSW	
VTSX	
VTSY	
VTSZ	
VTTA	
VTTB	
VTTC	
VTTD	
VTTE	
VTTF	
VTTG	
VTTH	
VTTI	
VTTJ	
VTTK	
VTTL	
VTTM	
VTTN	
VTTO	
VTTP	
VTTQ	
VTTR	
VTTS	
VTTT	
VTTU	
VTTV	
VTTW	
VTTX	
VTTY	
VTTZ	
VTUA	
VTUB	
VTUC	
VTUD	
VTUE	
VTUF	
VTUG	
VTUH	
VTUI	
VTUJ	
VTUK	
VTUL	
VTUM	
VTUN	
VTUO	
VTUP	
VTUQ	
VTUR	
VTUS	
VTUT	
VTUU	
VTUV	
VTUW	
VTUX	
VTUY	
VTUZ	
VTVA	
VTVB	
VTVC	
VTVD	
VTVE	
VTVF	
VTVG	
VTVH	
VTVI	
VTVJ	
VTVK	
VTVL	
VTVM	
VTVN	
VTVO	
VTVP	
VTVQ	
VTVR	
VTVS	
VTVT	
VTVU	
VTVV	
VTVW	
VTVX	
VTVY	
VTVZ	
VTWA	
VTWB	
VTWC	
VTWD	
VTWE	
VTWF	
VTWG	
VTWH	
VTWI	
VTWJ	
VTWK	
VTWL	
VTWM	
VTWN	
VTWO	
VTWP	
VTWQ	
VTWR	
VTWS	
VTWT	
VTWU	
VTWV	
VTWW	
VTWX	
VTWY	
VTWZ	
VTXA	
VTXB	
VTXC	
VTXD	
VTXE	
VTXF	
VTXG	
VTXH	
VTXI	
VTXJ	
VTXK	
VTXL	
VTXM	
VTXN	
VTXO	
VTXP	
VTXQ	
VTXR	
VTXS	
VTXT	
VTXU	
VTXV	
VTXW	
VTXX	
VTXY	
VTXZ	
VTYA	
VTYB	
VTYC	
VTYD	
VTYE	
VTYF	
VTYG	
VTYH	
VTYI	
VTYJ	
VTYK	
VTYL	
VTYM	
VTYN	
VTYO	
VTYP	
VTYQ	
VTYR	
VTYS	
VTYT	
VTYU	
VTYV	
VTYW	
VTYX	
VTYY	
VTYZ	
VTZA	
VTZB	
VTZC	
VTZD	
VTZE	
VTZF	
VTZG	
VTZH	
VTZI	
VTZJ	
VTZK	
VTZL	
VTZM	
VTZN	
VTZO	
VTZP	
VTZQ	
VTZR	
VTZS	
VTZT	
VTZU	
VTZV	
VTZW	
VTZX	
VTZY	
VTZZ	
VUAA	
VUAB	
VUAC	
VUAD	
VUAE	
VUAF	
VUAG	
VUAH	
VUAI	
VUAJ	
VUAK	
VUAL	
VUAM	
VUAN	
VUAO	
VUAP	
VUAQ	
VUAR	
VUAS	
VUAT	
VUAU	
VUAV	
VUAW	
VUAX	
VUAY	
VUAZ	
VUBA	
VUBB	
VUBC	
VUBD	
VUBE	
VUBF	
VUBG	
VUBH	
VUBI	
VUBJ	
VUBK	
VUBL	
VUBM	
VUBN	
VUBO	
VUBP	
VUBQ	
VUBR	
VUBS	
VUBT	
VUBU	
VUBV	
VUBW	
VUBX	
VUBY	
VUBZ	
VUCA	
VUCB	
VUCC	
VUCD	
VUCE	
VUCF	
VUCG	
VUCH	
VUCI	
VUCJ	
VUCK	
VUCL	
VUCM	
VUCN	
VUCO	
VUCP	
VUCQ	
VUCR	
VUCS	
VUCT	
VUCU	
VUCV	
VUCW	
VUCX	
VUCY	
VUCZ	
VUDA	
VUDB	
VUDC	
VUDD	
VUDE	
VUDF	
VUDG	
VUDH	
VUDI	
VUDJ	
VUDK	
VUDL	
VUDM	
VUDN	
VUDO	
VUDP	
VUDQ	
VUDR	
VUDS	
VUDT	
VUDU	
VUDV	
VUDW	
VUDX	
VUDY	
VUDZ	
VUEA	
VUEB	
VUEC	
VUED	
VUEE	
VUEF	
VUEG	
VUEH	
VUEI	
VUEJ	
VUEK	
VUEL	
VUEM	
VUEN	
VUEO	
VUEP	
VUEQ	
VUER	
VUES	
VUET	
VUEU	
VUEV	
VUEW	
VUEX	
VUEY	
VUEZ	
VUFA	
VUFB	
VUFC	
VUFD	
VUFE	
VUFF	
VUFG	
VUFH	
VUFI	
VUFJ	
VUFK	
VUFL	
VUFM	
VUFN	
VUFO	
VUFP	
VUFQ	
VUFR	
VUFS	
VUFT	
VUFU	
VUFV	
VUFW	
VUFX	
VUFY	
VUFZ	
VUGA	
VUGB	
VUGC	
VUGD	
VUGE	
VUGF	
VUGG	
VUGH	
VUGI	
VUGJ	
VUGK	
VUGL	
VUGM	
VUGN	
VUGO	
VUGP	
VUGQ	
VUGR	
VUGS	
VUGT	
VUGU	
VUGV	
VUGW	
VUGX	
VUGY	
VUGZ	
VUHA	
VUHB	
VUHC	
VUHD	
VUHE	
VUHF	
VUHG	
VUHH	
VUHI	
VUHJ	
VUHK	
VUHL	
VUHM	
VUHN	
VUHO	
VUHP	
VUHQ	
VUHR	
VUHS	
VUHT	
VUHU	
VUHV	
VUHW	
VUHX	
VUHY	
VUHZ	
VUIA	
VUIB	
VUIC	
VUID	
VUIE	
VUIF	
VUIG	
VUIH	
VUII	
VUIJ	
VUIK	
VUIL	
VUIM	
VUIN	
VUIO	
VUIP	
VUIQ	
VUIR	
VUIS	
VUIT	
VUIU	
VUIV	
VUIW	
VUIX	
VUIY	
VUIZ	
VUJA	
VUJB	
VUJC	
VUJD	
VUJE	
VUJF	
VUJG	
VUJH	
VUJI	
VUJJ	
VUJK	
VUJL	
VUJM	
VUJN	
VUJO	
VUJP	
VUJQ	
VUJR	
VUJS	
VUJT	
VUJU	
VUJV	
VUJW	
VUJX	
VUJY	
VUJZ	
VUKA	
VUKB	
VUKC	
VUKD	
VUKE	
VUKF	
VUKG	
VUKH	
VUKI	
VUKJ	
VUKK	
VUKL	
VUKM	
VUKN	
VUKO	
VUKP	
VUKQ	
VUKR	
VUKS	
VUKT	
VUKU	
VUKV	
VUKW	
VUKX	
VUKY	
VUKZ	
VULA	
VULB	
VULC	
VULD	
VULE	
VULF	
VULG	
VULH	
VULI	
VULJ	
VULK	
VULL	
VULM	
VULN	
VULO	
VULP	
VULQ	
VULR	
VULS	
VULT	
VULU	
VULV	
VULW	
VULX	
VULY	
VULZ	
VUMA	
VUMB	
VUMC	
VUMD	
VUME	
VUMF	
VUMG	
VUMH	
VUMI	
VUMJ	
VUMK	
VUML	
VUMM	
VUMN	
VUMO	
VUMP	
VUMQ	
VUMR	
VUMS	
VUMT	
VUMU	
VUMV	
VUMW	
VUMX	
VUMY	
VUMZ	
VUNA	
VUNB	
VUNC	
VUND	
VUNE	
VUNF	
VUNG	
VUNH	
VUNI	
VUNJ	
VUNK	
VUNL	
VUNM	
VUNN	
VUNO	
VUNP	
VUNQ	
VUNR	
VUNS	
VUNT	
VUNU	
VUNV	
VUNW	
VUNX	
VUNY	
VUNZ	
VUOA	
VUOB	
VUOC	
VUOD	
VUOE	
VUOF	
VUOG	
VUOH	
VUOI	
VUOJ	
VUOK	
VUOL	
VUOM	
VUON	
VUOO	
VUOP	
VUOQ	
VUOR	
VUOS	
VUOT	
VUOU	
VUOV	
VUOW	
VUOX	
VUOY	
VUOZ	
VUPA	
VUPB	
VUPC	
VUPD	
VUPE	
VUPF	
VUPG	
VUPH	
VUPI	
VUPJ	
VUPK	
VUPL	
VUPM	
VUPN	
VUPO	
VUPP	
VUPQ	
VUPR	
VUPS	
VUPT	
VUPU	
VUPV	
VUPW	
VUPX	
VUPY	
VUPZ	
VUQA	
VUQB	
VUQC	
VUQD	
VUQE	
VUQF	
VUQG	
VUQH	
VUQI	
VUQJ	
VUQK	
VUQL	
VUQM	
VUQN	
VUQO	
VUQP	
VUQQ	
VUQR	
VUQS	
VUQT	
VUQU	
VUQV	
VUQW	
VUQX	
VUQY	
VUQZ	
VURA	
VURB	
VURC	
VURD	
VURE	
VURF	
VURG	
VURH	
VURI	
VURJ	
VURK	
VURL	
VURM	
VURN	
VURO	
VURP	
VURQ	
VURR	
VURS	
VURT	
VURU	
VURV	
VURW	
VURX	
VURY	
VURZ	
VUSA	
VUSB	
VUSC	
VUSD	
VUSE	
VUSF	
VUSG	
VUSH	
VUSI	
VUSJ	
VUSK	
VUSL	
VUSM	
VUSN	
VUSO	
VUSP	
VUSQ	
VUSR	
VUSS	
VUST	
VUSU	
VUSV	
VUSW	
VUSX	
VUSY	
VUSZ	
VUTA	
VUTB	
VUTC	
VUTD	
VUTE	
VUTF	
VUTG	
VUTH	
VUTI	
VUTJ	
VUTK	
VUTL	
VUTM	
VUTN	
VUTO	
VUTP	
VUTQ	
VUTR	
VUTS	
VUTT	
VUTU	
VUTV	
VUTW	
VUTX	
VUTY	
VUTZ	
VUUA	
VUUB	
VUUC	
VUUD	
VUUE	
VUUF	
VUUG	
VUUH	
VUUI	
VUUJ	
VUUK	
VUUL	
VUUM	
VUUN	
VUUO	
VUUP	
VUUQ	
VUUR	
VUUS	
VUUT	
VUUU	
VUUV	
VUUW	
VUUX	
VUUY	
VUUZ	
VUVA	
VUVB	
VUVC	
VUVD	
VUVE	
VUVF	
VUVG	
VUVH	
VUVI	
VUVJ	
VUVK	
VUVL	
VUVM	
VUVN	
VUVO	
VUVP	
VUVQ	
VUVR	
VUVS	
VUVT	
VUVU	
VUVV	
VUVW	
VUVX	
VUVY	
VUVZ	
VUWA	
VUWB	
VUWC	
VUWD	
VUWE	
VUWF	
VUWG	
VUWH	
VUWI	
VUWJ	
VUWK	
VUWL	
VUWM	
VUWN	
VUWO	
VUWP	
VUWQ	
VUWR	
VUWS	
VUWT	
VUWU	
VUWV	
VUWW	
VUWX	
VUWY	
VUWZ	
VUXA	
VUXB	
VUXC	
VUXD	
VUXE	
VUXF	
VUXG	
VUXH	
VUXI	
VUXJ	
VUXK	
VUXL	
VUXM	
VUXN	
VUXO	
VUXP	
VUXQ	
VUXR	
VUXS	
VUXT	
VUXU	
VUXV	
VUXW	
VUXX	
VUXY	
VUXZ	
VUYA	
VUYB	
VUYC	
VUYD	
VUYE	
VUYF	
VUYG	
VUYH	
VUYI	
VUYJ	
VUYK	
VUYL	
VUYM	
VUYN	
VUYO	
VUYP	
VUYQ	
VUYR	
VUYS	
VUYT	
VUYU	
VUYV	
VUYW	
VUYX	
VUYY	
VUYZ	
VUZA	
VUZB	
VUZC	
VUZD	
VUZE	
VUZF	
VUZG	
VUZH	
VUZI	
VUZJ	
VUZK	
VUZL	
VUZM	
VUZN	
VUZO	
VUZP	
VUZQ	
VUZR	
VUZS	
VUZT	
VUZU	
VUZV	
VUZW	
VUZX	
VUZY	
VUZZ	
VVAA	
VVAB	
VVAC	
VVAD	
VVAE	
VVAF	
VVAG	
VVAH	
VVAI	
VVAJ	
VVAK	
VVAL	
VVAM	
VVAN	
VVAO	
VVAP	
VVAQ	
VVAR	
VVAS	
VVAT	
VVAU	
VVAV	
VVAW	
VVAX	
VVAY	
VVAZ	
VVBA	
VVBB	
VVBC	
VVBD	
VVBE	
VVBF	
VVBG	
VVBH	
VVBI	
VVBJ	
VVBK	
VVBL	
VVBM	
VVBN	
VVBO	
VVBP	
VVBQ	
VVBR	
VVBS	
VVBT	
VVBU	
VVBV	
VVBW	
VVBX	
VVBY	
VVBZ	
VVCA	
VVCB	
VVCC	
VVCD	
VVCE	
VVCF	
VVCG	
VVCH	
VVCI	
VVCJ	
VVCK	
VVCL	
VVCM	
VVCN	
VVCO	
VVCP	
VVCQ	
VVCR	
VVCS	
VVCT	
VVCU	
VVCV	
VVCW	
VVCX	
VVCY	
VVCZ	
VVDA	
VVDB	
VVDC	
VVDD	
VVDE	
VVDF	
VVDG	
VVDH	
VVDI	
VVDJ	
VVDK	
VVDL	
VVDM	
VVDN	
VVDO	
VVDP	
VVDQ	
VVDR	
VVDS	
VVDT	
VVDU	
VVDV	
VVDW	
VVDX	
VVDY	
VVDZ	
VVEA	
VVEB	
VVEC	
VVED	
VVEE	
VVEF	
VVEG	
VVEH	
VVEI	
VVEJ	
VVEK	
VVEL	
VVEM	
VVEN	
VVEO	
VVEP	
VVEQ	
VVER	
VVES	
VVET	
VVEU	
VVEV	
VVEW	
VVEX	
VVEY	
VVEZ	
VVFA	
VVFB	
VVFC	
VVFD	
VVFE	
VVFF	
VVFG	
VVFH	
VVFI	
VVFJ	
VVFK	
VVFL	
VVFM	
VVFN	
VVFO	
VVFP	
VVFQ	
VVFR	
VVFS	
VVFT	
VVFU	
VVFV	
VVFW	
VVFX	
VVFY	
VVFZ	
VVGA	
VVGB	
VVGC	
VVGD	
VVGE	
VVGF	
VVGG	
VVGH	
VVGI	
VVGJ	
VVGK	
VVGL	
VVGM	
VVGN	
VVGO	
VVGP	
VVGQ	
VVGR	
VVGS	
VVGT	
VVGU	
VVGV	
VVGW	
VVGX	
VVGY	
VVGZ	
VVHA	
VVHB	
VVHC	
VVHD	
VVHE	
VVHF	
VVHG	
VVHH	
VVHI	
VVHJ	
VVHK	
VVHL	
VVHM	
VVHN	
VVHO	
VVHP	
VVHQ	
VVHR	
VVHS	
VVHT	
VVHU	
VVHV	
VVHW	
VVHX	
VVHY	
VVHZ	
VVIA	
VVIB	
VVIC	
VVID	
VVIE	
VVIF	
VVIG	
VVIH	
VVII	
VVIJ	
VVIK	
VVIL	
VVIM	
VVIN	
VVIO	
VVIP	
VVIQ	
VVIR	
VVIS	
VVIT	
VVIU	
VVIV	
VVIW	
VVIX	
VVIY	
VVIZ	
VVJA	
VVJB	
VVJC	
VVJD	
VVJE	
VVJF	
VVJG	
VVJH	
VVJI	
VVJJ	
VVJK	
VVJL	
VVJM	
VVJN	
VVJO	
VVJP	
VVJQ	
VVJR	
VVJS	
VVJT	
VVJU	
VVJV	
VVJW	
VVJX	
VVJY	
VVJZ	
VVKA	
VVKB	
VVKC	
VVKD	
VVKE	
VVKF	
VVKG	
VVKH	
VVKI	
VVKJ	
VVKK	
VVKL	
VVKM	
VVKN	
VVKO	
VVKP	
VVKQ	
VVKR	
VVKS	
VVKT	
VVKU	
VVKV	
VVKW	
VVKX	
VVKY	
VVKZ	
VVLA	
VVLB	
VVLC	
VVLD	
VVLE	
VVLF	
VVLG	
VVLH	
VVLI	
VVLJ	
VVLK	
VVLL	
VVLM	
VVLN	
VVLO	
VVLP	
VVLQ	
VVLR	
VVLS	
VVLT	
VVLU	
VVLV	
VVLW	
VVLX	
VVLY	
VVLZ	
VVMA	
VVMB	
VVMC	
VVMD	
VVME	
VVMF	
VVMG	
VVMH	
VVMI	
VVMJ	
VVMK	
VVML	
VVMM	
VVMN	
VVMO	
VVMP	
VVMQ	
VVMR	
VVMS	
VVMT	
VVMU	
VVMV	
VVMW	
VVMX	
VVMY	
VVMZ	
VVNA	
VVNB	
VVNC	
VVND	
VVNE	
VVNF	
VVNG	
VVNH	
VVNI	
VVNJ	
VVNK	
VVNL	
VVNM	
VVNN	
VVNO	
VVNP	
VVNQ	
VVNR	
VVNS	
VVNT	
VVNU	
VVNV	
VVNW	
VVNX	
VVNY	
VVNZ	
VVOA	
VVOB	
VVOC	
VVOD	
VVOE	
VVOF	
VVOG	
VVOH	
VVOI	
VVOJ	
VVOK	
VVOL	
VVOM	
VVON	
VVOO	
VVOP	
VVOQ	
VVOR	
VVOS	
VVOT	
VVOU	
VVOV	
VVOW	
VVOX	
VVOY	
VVOZ	
VVPA	
VVPB	
VVPC	
VVPD	
VVPE	
VVPF	
VVPG	
VVPH	
VVPI	
VVPJ	
VVPK	
VVPL	
VVPM	
VVPN	
VVPO	
VVPP	
VVPQ	
VVPR	
VVPS	
VVPT	
VVPU	
VVPV	
VVPW	
VVPX	
VVPY	
VVPZ	
VVQA	
VVQB	
VVQC	
VVQD	
VVQE	
VVQF	
VVQG	
VVQH	
VVQI	
VVQJ	
VVQK	
VVQL	
VVQM	
VVQN	
VVQO	
VVQP	
VVQQ	
VVQR	
VVQS	
VVQT	
VVQU	
VVQV	
VVQW	
VVQX	
VVQY	
VVQZ	
VVRA	
VVRB	
VVRC	
VVRD	
VVRE	
VVRF	
VVRG	
VVRH	
VVRI	
VVRJ	
VVRK	
VVRL	
VVRM	
VVRN	
VVRO	
VVRP	
VVRQ	
VVRR	
VVRS	
VVRT	
VVRU	
VVRV	
VVRW	
VVRX	
VVRY	
VVRZ	
VVSA	
VVSB	
VVSC	
VVSD	
VVSE	
VVSF	
VVSG	
VVSH	
VVSI	
VVSJ	
VVSK	
VVSL	
VVSM	
VVSN	
VVSO	
VVSP	
VVSQ	
VVSR	
VVSS	
VVST	
VVSU	
VVSV	
VVSW	
VVSX	
VVSY	
VVSZ	
VVTA	
VVTB	
VVTC	
VVTD	
VVTE	
VVTF	
VVTG	
VVTH	
VVTI	
VVTJ	
VVTK	
VVTL	
VVTM	
VVTN	
VVTO	
VVTP	
VVTQ	
VVTR	
VVTS	
VVTT	
VVTU	
VVTV	
VVTW	
VVTX	
VVTY	
VVTZ	
VVUA	
VVUB	
VVUC	
VVUD	
VVUE	
VVUF	
VVUG	
VVUH	
VVUI	
VVUJ	
VVUK	
VVUL	
VVUM	
VVUN	
VVUO	
VVUP	
VVUQ	
VVUR	
VVUS	
VVUT	
VVUU	
VVUV	
VVUW	
VVUX	
VVUY	
VVUZ	
VVVA	
VVVB	
VVVC	
VVVD	
VVVE	
VVVF	
VVVG	
VVVH	
VVVI	
VVVJ	
VVVK	
VVVL	
VVVM	
VVVN	
VVVO	
VVVP	
VVVQ	
VVVR	
VVVS	
VVVT	
VVVU	
VVVV	
VVVW	
VVVX	
VVVY	
VVVZ	
VVWA	
VVWB	
VVWC	
VVWD	
VVWE	
VVWF	
VVWG	
VVWH	
VVWI	
VVWJ	
VVWK	
VVWL	
VVWM	
VVWN	
VVWO	
VVWP	
VVWQ	
VVWR	
VVWS	
VVWT	
VVWU	
VVWV	
VVWW	
VVWX	
VVWY	
VVWZ	
VVXA	
VVXB	
VVXC	
VVXD	
VVXE	
VVXF	
VVXG	
VVXH	
VVXI	
VVXJ	
VVXK	
VVXL	
VVXM	
VVXN	
VVXO	
VVXP	
VVXQ	
VVXR	
VVXS	
VVXT	
VVXU	
VVXV	
VVXW	
VVXX	
VVXY	
VVXZ	
VVYA	
VVYB	
VVYC	
VVYD	
VVYE	
VVYF	
VVYG	
VVYH	
VVYI	
VVYJ	
VVYK	
VVYL	
VVYM	
VVYN	
VVYO	
VVYP	
VVYQ	
VVYR	
VVYS	
VVYT	
VVYU	
VVYV	
VVYW	
VVYX	
VVYY	
VVYZ	
VVZA	
VVZB	
VVZC	
VVZD	
VVZE	
VVZF	
VVZG	
VVZH	
VVZI	
VVZJ	
VVZK	
VVZL	
VVZM	
VVZN	
VVZO	
VVZP	
VVZQ	
VVZR	
VVZS	
VVZT	
VVZU	
VVZV	
VVZW	
VVZX	
VVZY	
VVZZ	
VWAA	
VWAB	
VWAC	
VWAD	
VWAE	
VWAF	
VWAG	
VWAH	
VWAI	
VWAJ	
VWAK	
VWAL	
VWAM	
VWAN	
VWAO	
VWAP	
VWAQ	
VWAR	
VWAS	
VWAT	
VWAU	
VWAV	
VWAW	
VWAX	
VWAY	
VWAZ	
VWBA	
VWBB	
VWBC	
VWBD	
VWBE	
VWBF	
VWBG	
VWBH	
VWBI	
VWBJ	
VWBK	
VWBL	
VWBM	
VWBN	
VWBO	
VWBP	
VWBQ	
VWBR	
VWBS	
VWBT	
VWBU	
VWBV	
VWBW	
VWBX	
VWBY	
VWBZ	
VWCA	
VWCB	
VWCC	
VWCD	
VWCE	
VWCF	
VWCG	
VWCH	
VWCI	
VWCJ	
VWCK	
VWCL	
VWCM	
VWCN	
VWCO	
VWCP	
VWCQ	
VWCR	
VWCS	
VWCT	
VWCU	
VWCV	
VWCW	
VWCX	
VWCY	
VWCZ	
VWDA	
VWDB	
VWDC	
VWDD	
VWDE	
VWDF	
VWDG	
VWDH	
VWDI	
VWDJ	
VWDK	
VWDL	
VWDM	
VWDN	
VWDO	
VWDP	
VWDQ	
VWDR	
VWDS	
VWDT	
VWDU	
VWDV	
VWDW	
VWDX	
VWDY	
VWDZ	
VWEA	
VWEB	
VWEC	
VWED	
VWEE	
VWEF	
VWEG	
VWEH	
VWEI	
VWEJ	
VWEK	
VWEL	
VWEM	
VWEN	
VWEO	
VWEP	
VWEQ	
VWER	
VWES	
VWET	
VWEU	
VWEV	
VWEW	
VWEX	
VWEY	
VWEZ	
VWFA	
VWFB	
VWFC	
VWFD	
VWFE	
VWFF	
VWFG	
VWFH	
VWFI	
VWFJ	
VWFK	
VWFL	
VWFM	
VWFN	
VWFO	
VWFP	
VWFQ	
VWFR	
VWFS	
VWFT	
VWFU	
VWFV	
VWFW	
VWFX	
VWFY	
VWFZ	
VWGA	
VWGB	
VWGC	
VWGD	
VWGE	
VWGF	
VWGG	
VWGH	
VWGI	
VWGJ	
VWGK	
VWGL	
VWGM	
VWGN	
VWGO	
VWGP	
VWGQ	
VWGR	
VWGS	
VWGT	
VWGU	
VWGV	
VWGW	
VWGX	
VWGY	
VWGZ	
VWHA	
VWHB	
VWHC	
VWHD	
VWHE	
VWHF	
VWHG	
VWHH	
VWHI	
VWHJ	
VWHK	
VWHL	
VWHM	
VWHN	
VWHO	
VWHP	
VWHQ	
VWHR	
VWHS	
VWHT	
VWHU	
VWHV	
VWHW	
VWHX	
VWHY	
VWHZ	
VWIA	
VWIB	
VWIC	
VWID	
VWIE	
VWIF	
VWIG	
VWIH	
VWII	
VWIJ	
VWIK	
VWIL	
VWIM	
VWIN	
VWIO	
VWIP	
VWIQ	
VWIR	
VWIS	
VWIT	
VWIU	
VWIV	
VWIW	
VWIX	
VWIY	
VWIZ	
VWJA	
VWJB	
VWJC	
VWJD	
VWJE	
VWJF	
VWJG	
VWJH	
VWJI	
VWJJ	
VWJK	
VWJL	
VWJM	
VWJN	
VWJO	
VWJP	
VWJQ	
VWJR	
VWJS	
VWJT	
VWJU	
VWJV	
VWJW	
VWJX	
VWJY	
VWJZ	
VWKA	
VWKB	
VWKC	
VWKD	
VWKE	
VWKF	
VWKG	
VWKH	
VWKI	
VWKJ	
VWKK	
VWKL	
VWKM	
VWKN	
VWKO	
VWKP	
VWKQ	
VWKR	
VWKS	
VWKT	
VWKU	
VWKV	
VWKW	
VWKX	
VWKY	
VWKZ	
VWLA	
VWLB	
VWLC	
VWLD	
VWLE	
VWLF	
VWLG	
VWLH	
VWLI	
VWLJ	
VWLK	
VWLL	
VWLM	
VWLN	
VWLO	
VWLP	
VWLQ	
VWLR	
VWLS	
VWLT	
VWLU	
VWLV	
VWLW	
VWLX	
VWLY	
VWLZ	
VWMA	
VWMB	
VWMC	
VWMD	
VWME	
VWMF	
VWMG	
VWMH	
VWMI	
VWMJ	
VWMK	
VWML	
VWMM	
VWMN	
VWMO	
VWMP	
VWMQ	
VWMR	
VWMS	
VWMT	
VWMU	
VWMV	
VWMW	
VWMX	
VWMY	
VWMZ	
VWNA	
VWNB	
VWNC	
VWND	
VWNE	
VWNF	
VWNG	
VWNH	
VWNI	
VWNJ	
VWNK	
VWNL	
VWNM	
VWNN	
VWNO	
VWNP	
VWNQ	
VWNR	
VWNS	
VWNT	
VWNU	
VWNV	
VWNW	
VWNX	
VWNY	
VWNZ	
VWOA	
VWOB	
VWOC	
VWOD	
VWOE	
VWOF	
VWOG	
VWOH	
VWOI	
VWOJ	
VWOK	
VWOL	
VWOM	
VWON	
VWOO	
VWOP	
VWOQ	
VWOR	
VWOS	
VWOT	
VWOU	
VWOV	
VWOW	
VWOX	
VWOY	
VWOZ	
VWPA	
VWPB	
VWPC	
VWPD	
VWPE	
VWPF	
VWPG	
VWPH	
VWPI	
VWPJ	
VWPK	
VWPL	
VWPM	
VWPN	
VWPO	
VWPP	
VWPQ	
VWPR	
VWPS	
VWPT	
VWPU	
VWPV	
VWPW	
VWPX	
VWPY	
VWPZ	
VWQA	
VWQB	
VWQC	
VWQD	
VWQE	
VWQF	
VWQG	
VWQH	
VWQI	
VWQJ	
VWQK	
VWQL	
VWQM	
VWQN	
VWQO	
VWQP	
VWQQ	
VWQR	
VWQS	
VWQT	
VWQU	
VWQV	
VWQW	
VWQX	
VWQY	
VWQZ	
VWRA	
VWRB	
VWRC	
VWRD	
VWRE	
VWRF	
VWRG	
VWRH	
VWRI	
VWRJ	
VWRK	
VWRL	
VWRM	
VWRN	
VWRO	
VWRP	
VWRQ	
VWRR	
VWRS	
VWRT	
VWRU	
VWRV	
VWRW	
VWRX	
VWRY	
VWRZ	
VWSA	
VWSB	
VWSC	
VWSD	
VWSE	
VWSF	
VWSG	
VWSH	
VWSI	
VWSJ	
VWSK	
VWSL	
VWSM	
VWSN	
VWSO	
VWSP	
VWSQ	
VWSR	
VWSS	
VWST	
VWSU	
VWSV	
VWSW	
VWSX	
VWSY	
VWSZ	
VWTA	
VWTB	
VWTC	
VWTD	
VWTE	
VWTF	
VWTG	
VWTH	
VWTI	
VWTJ	
VWTK	
VWTL	
VWTM	
VWTN	
VWTO	
VWTP	
VWTQ	
VWTR	
VWTS	
VWTT	
VWTU	
VWTV	
VWTW	
VWTX	
VWTY	
VWTZ	
VWUA	
VWUB	
VWUC	
VWUD	
VWUE	
VWUF	
VWUG	
VWUH	
VWUI	
VWUJ	
VWUK	
VWUL	
VWUM	
VWUN	
VWUO	
VWUP	
VWUQ	
VWUR	
VWUS	
VWUT	
VWUU	
VWUV	
VWUW	
VWUX	
VWUY	
VWUZ	
VWVA	
VWVB	
VWVC	
VWVD	
VWVE	
VWVF	
VWVG	
VWVH	
VWVI	
VWVJ	
VWVK	
VWVL	
VWVM	
VWVN	
VWVO	
VWVP	
VWVQ	
VWVR	
VWVS	
VWVT	
VWVU	
VWVV	
VWVW	
VWVX	
VWVY	
VWVZ	
VWWA	
VWWB	
VWWC	
VWWD	
VWWE	
VWWF	
VWWG	
VWWH	
VWWI	
VWWJ	
VWWK	
VWWL	
VWWM	
VWWN	
VWWO	
VWWP	
VWWQ	
VWWR	
VWWS	
VWWT	
VWWU	
VWWV	
VWWW	
VWWX	
VWWY	
VWWZ	
VWXA	
VWXB	
VWXC	
VWXD	
VWXE	
VWXF	
VWXG	
VWXH	
VWXI	
VWXJ	
VWXK	
VWXL	
VWXM	
VWXN	
VWXO	
VWXP	
VWXQ	
VWXR	
VWXS	
VWXT	
VWXU	
VWXV	
VWXW	
VWXX	
VWXY	
VWXZ	
VWYA	
VWYB	
VWYC	
VWYD	
VWYE	
VWYF	
VWYG	
VWYH	
VWYI	
VWYJ	
VWYK	
VWYL	
VWYM	
VWYN	
VWYO	
VWYP	
VWYQ	
VWYR	
VWYS	
VWYT	
VWYU	
VWYV	
VWYW	
VWYX	
VWYY	
VWYZ	
VWZA	
VWZB	
VWZC	
VWZD	
VWZE	
VWZF	
VWZG	
VWZH	
VWZI	
VWZJ	
VWZK	
VWZL	
VWZM	
VWZN	
VWZO	
VWZP	
VWZQ	
VWZR	
VWZS	
VWZT	
VWZU	
VWZV	
VWZW	
VWZX	
VWZY	
VWZZ	
VXAA	
VXAB	
VXAC	
VXAD	
VXAE	
VXAF	
VXAG	
VXAH	
VXAI	
VXAJ	
VXAK	
VXAL	
VXAM	
VXAN	
VXAO	
VXAP	
VXAQ	
VXAR	
VXAS	
VXAT	
VXAU	
VXAV	
VXAW	
VXAX	
VXAY	
VXAZ	
VXBA	
VXBB	
VXBC	
VXBD	
VXBE	
VXBF	
VXBG	
VXBH	
VXBI	
VXBJ	
VXBK	
VXBL	
VXBM	
VXBN	
VXBO	
VXBP	
VXBQ	
VXBR	
VXBS	
VXBT	
VXBU	
VXBV	
VXBW	
VXBX	
VXBY	
VXBZ	
VXCA	
VXCB	
VXCC	
VXCD	
VXCE	
VXCF	
VXCG	
VXCH	
VXCI	
VXCJ	
VXCK	
VXCL	
VXCM	
VXCN	
VXCO	
VXCP	
VXCQ	
VXCR	
VXCS	
VXCT	
VXCU	
VXCV	
VXCW	
VXCX	
VXCY	
VXCZ	
VXDA	
VXDB	
VXDC	
VXDD	
VXDE	
VXDF	
VXDG	
VXDH	
VXDI	
VXDJ	
VXDK	
VXDL	
VXDM	
VXDN	
VXDO	
VXDP	
VXDQ	
VXDR	
VXDS	
VXDT	
VXDU	
VXDV	
VXDW	
VXDX	
VXDY	
VXDZ	
VXEA	
VXEB	
VXEC	
VXED	
VXEE	
VXEF	
VXEG	
VXEH	
VXEI	
VXEJ	
VXEK	
VXEL	
VXEM	
VXEN	
VXEO	
VXEP	
VXEQ	
VXER	
VXES	
VXET	
VXEU	
VXEV	
VXEW	
VXEX	
VXEY	
VXEZ	
VXFA	
VXFB	
VXFC	
VXFD	
VXFE	
VXFF	
VXFG	
VXFH	
VXFI	
VXFJ	
VXFK	
VXFL	
VXFM	
VXFN	
VXFO	
VXFP	
VXFQ	
VXFR	
VXFS	
VXFT	
VXFU	
VXFV	
VXFW	
VXFX	
VXFY	
VXFZ	
VXGA	
VXGB	
VXGC	
VXGD	
VXGE	
VXGF	
VXGG	
VXGH	
VXGI	
VXGJ	
VXGK	
VXGL	
VXGM	
VXGN	
VXGO	
VXGP	
VXGQ	
VXGR	
VXGS	
VXGT	
VXGU	
VXGV	
VXGW	
VXGX	
VXGY	
VXGZ	
VXHA	
VXHB	
VXHC	
VXHD	
VXHE	
VXHF	
VXHG	
VXHH	
VXHI	
VXHJ	
VXHK	
VXHL	
VXHM	
VXHN	
VXHO	
VXHP	
VXHQ	
VXHR	
VXHS	
VXHT	
VXHU	
VXHV	
VXHW	
VXHX	
VXHY	
VXHZ	
VXIA	
VXIB	
VXIC	
VXID	
VXIE	
VXIF	
VXIG	
VXIH	
VXII	
VXIJ	
VXIK	
VXIL	
VXIM	
VXIN	
VXIO	
VXIP	
VXIQ	
VXIR	
VXIS	
VXIT	
VXIU	
VXIV	
VXIW	
VXIX	
VXIY	
VXIZ	
VXJA	
VXJB	
VXJC	
VXJD	
VXJE	
VXJF	
VXJG	
VXJH	
VXJI	
VXJJ	
VXJK	
VXJL	
VXJM	
VXJN	
VXJO	
VXJP	
VXJQ	
VXJR	
VXJS	
VXJT	
VXJU	
VXJV	
VXJW	
VXJX	
VXJY	
VXJZ	
VXKA	
VXKB	
VXKC	
VXKD	
VXKE	
VXKF	
VXKG	
VXKH	
VXKI	
VXKJ	
VXKK	
VXKL	
VXKM	
VXKN	
VXKO	
VXKP	
VXKQ	
VXKR	
VXKS	
VXKT	
VXKU	
VXKV	
VXKW	
VXKX	
VXKY	
VXKZ	
VXLA	
VXLB	
VXLC	
VXLD	
VXLE	
VXLF	
VXLG	
VXLH	
VXLI	
VXLJ	
VXLK	
VXLL	
VXLM	
VXLN	
VXLO	
VXLP	
VXLQ	
VXLR	
VXLS	
VXLT	
VXLU	
VXLV	
VXLW	
VXLX	
VXLY	
VXLZ	
VXMA	
VXMB	
VXMC	
VXMD	
VXME	
VXMF	
VXMG	
VXMH	
VXMI	
VXMJ	
VXMK	
VXML	
VXMM	
VXMN	
VXMO	
VXMP	
VXMQ	
VXMR	
VXMS	
VXMT	
VXMU	
VXMV	
VXMW	
VXMX	
VXMY	
VXMZ	
VXNA	
VXNB	
VXNC	
VXND	
VXNE	
VXNF	
VXNG	
VXNH	
VXNI	
VXNJ	
VXNK	
VXNL	
VXNM	
VXNN	
VXNO	
VXNP	
VXNQ	
VXNR	
VXNS	
VXNT	
VXNU	
VXNV	
VXNW	
VXNX	
VXNY	
VXNZ	
VXOA	
VXOB	
VXOC	
VXOD	
VXOE	
VXOF	
VXOG	
VXOH	
VXOI	
VXOJ	
VXOK	
VXOL	
VXOM	
VXON	
VXOO	
VXOP	
VXOQ	
VXOR	
VXOS	
VXOT	
VXOU	
VXOV	
VXOW	
VXOX	
VXOY	
VXOZ	
VXPA	
VXPB	
VXPC	
VXPD	
VXPE	
VXPF	
VXPG	
VXPH	
VXPI	
VXPJ	
VXPK	
VXPL	
VXPM	
VXPN	
VXPO	
VXPP	
VXPQ	
VXPR	
VXPS	
VXPT	
VXPU	
VXPV	
VXPW	
VXPX	
VXPY	
VXPZ	
VXQA	
VXQB	
VXQC	
VXQD	
VXQE	
VXQF	
VXQG	
VXQH	
VXQI	
VXQJ	
VXQK	
VXQL	
VXQM	
VXQN	
VXQO	
VXQP	
VXQQ	
VXQR	
VXQS	
VXQT	
VXQU	
VXQV	
VXQW	
VXQX	
VXQY	
VXQZ	
VXRA	
VXRB	
VXRC	
VXRD	
VXRE	
VXRF	
VXRG	
VXRH	
VXRI	
VXRJ	
VXRK	
VXRL	
VXRM	
VXRN	
VXRO	
VXRP	
VXRQ	
VXRR	
VXRS	
VXRT	
VXRU	
VXRV	
VXRW	
VXRX	
VXRY	
VXRZ	
VXSA	
VXSB	
VXSC	
VXSD	
VXSE	
VXSF	
VXSG	
VXSH	
VXSI	
VXSJ	
VXSK	
VXSL	
VXSM	
VXSN	
VXSO	
VXSP	
VXSQ	
VXSR	
VXSS	
VXST	
VXSU	
VXSV	
VXSW	
VXSX	
VXSY	
VXSZ	
VXTA	
VXTB	
VXTC	
VXTD	
VXTE	
VXTF	
VXTG	
VXTH	
VXTI	
VXTJ	
VXTK	
VXTL	
VXTM	
VXTN	
VXTO	
VXTP	
VXTQ	
VXTR	
VXTS	
VXTT	
VXTU	
VXTV	
VXTW	
VXTX	
VXTY	
VXTZ	
VXUA	
VXUB	
VXUC	
VXUD	
VXUE	
VXUF	
VXUG	
VXUH	
VXUI	
VXUJ	
VXUK	
VXUL	
VXUM	
VXUN	
VXUO	
VXUP	
VXUQ	
VXUR	
VXUS	
VXUT	
VXUU	
VXUV	
VXUW	
VXUX	
VXUY	
VXUZ	
VXVA	
VXVB	
VXVC	
VXVD	
VXVE	
VXVF	
VXVG	
VXVH	
VXVI	
VXVJ	
VXVK	
VXVL	
VXVM	
VXVN	
VXVO	
VXVP	
VXVQ	
VXVR	
VXVS	
VXVT	
VXVU	
VXVV	
VXVW	
VXVX	
VXVY	
VXVZ	
VXWA	
VXWB	
VXWC	
VXWD	
VXWE	
VXWF	
VXWG	
VXWH	
VXWI	
VXWJ	
VXWK	
VXWL	
VXWM	
VXWN	
VXWO	
VXWP	
VXWQ	
VXWR	
VXWS	
VXWT	
VXWU	
VXWV	
VXWW	
VXWX	
VXWY	
VXWZ	
VXXA	
VXXB	
VXXC	
VXXD	
VXXE	
VXXF	
VXXG	
VXXH	
VXXI	
VXXJ	
VXXK	
VXXL	
VXXM	
VXXN	
VXXO	
VXXP	
VXXQ	
VXXR	
VXXS	
VXXT	
VXXU	
VXXV	
VXXW	
VXXX	
VXXY	
VXXZ	
VXYA	
VXYB	
VXYC	
VXYD	
VXYE	
VXYF	
VXYG	
VXYH	
VXYI	
VXYJ	
VXYK	
VXYL	
VXYM	
VXYN	
VXYO	
VXYP	
VXYQ	
VXYR	
VXYS	
VXYT	
VXYU	
VXYV	
VXYW	
VXYX	
VXYY	
VXYZ	
VXZA	
VXZB	
VXZC	
VXZD	
VXZE	
VXZF	
VXZG	
VXZH	
VXZI	
VXZJ	
VXZK	
VXZL	
VXZM	
VXZN	
VXZO	
VXZP	
VXZQ	
VXZR	
VXZS	
VXZT	
VXZU	
VXZV	
VXZW	
VXZX	
VXZY	
VXZZ	
VYAA	
VYAB	
VYAC	
VYAD	
VYAE	
VYAF	
VYAG	
VYAH	
VYAI	
VYAJ	
VYAK	
VYAL	
VYAM	
VYAN	
VYAO	
VYAP	
VYAQ	
VYAR	
VYAS	
VYAT	
VYAU	
VYAV	
VYAW	
VYAX	
VYAY	
VYAZ	
VYBA	
VYBB	
VYBC	
VYBD	
VYBE	
VYBF	
VYBG	
VYBH	
VYBI	
VYBJ	
VYBK	
VYBL	
VYBM	
VYBN	
VYBO	
VYBP	
VYBQ	
VYBR	
VYBS	
VYBT	
VYBU	
VYBV	
VYBW	
VYBX	
VYBY	
VYBZ	
VYCA	
VYCB	
VYCC	
VYCD	
VYCE	
VYCF	
VYCG	
VYCH	
VYCI	
VYCJ	
VYCK	
VYCL	
VYCM	
VYCN	
VYCO	
VYCP	
VYCQ	
VYCR	
VYCS	
VYCT	
VYCU	
VYCV	
VYCW	
VYCX	
VYCY	
VYCZ	
VYDA	
VYDB	
VYDC	
VYDD	
VYDE	
VYDF	
VYDG	
VYDH	
VYDI	
VYDJ	
VYDK	
VYDL	
VYDM	
VYDN	
VYDO	
VYDP	
VYDQ	
VYDR	
VYDS	
VYDT	
VYDU	
VYDV	
VYDW	
VYDX	
VYDY	
VYDZ	
VYEA	
VYEB	
VYEC	
VYED	
VYEE	
VYEF	
VYEG	
VYEH	
VYEI	
VYEJ	
VYEK	
VYEL	
VYEM	
VYEN	
VYEO	
VYEP	
VYEQ	
VYER	
VYES	
VYET	
VYEU	
VYEV	
VYEW	
VYEX	
VYEY	
VYEZ	
VYFA	
VYFB	
VYFC	
VYFD	
VYFE	
VYFF	
VYFG	
VYFH	
VYFI	
VYFJ	
VYFK	
VYFL	
VYFM	
VYFN	
VYFO	
VYFP	
VYFQ	
VYFR	
VYFS	
VYFT	
VYFU	
VYFV	
VYFW	
VYFX	
VYFY	
VYFZ	
VYGA	
VYGB	
VYGC	
VYGD	
VYGE	
VYGF	
VYGG	
VYGH	
VYGI	
VYGJ	
VYGK	
VYGL	
VYGM	
VYGN	
VYGO	
VYGP	
VYGQ	
VYGR	
VYGS	
VYGT	
VYGU	
VYGV	
VYGW	
VYGX	
VYGY	
VYGZ	
VYHA	
VYHB	
VYHC	
VYHD	
VYHE	
VYHF	
VYHG	
VYHH	
VYHI	
VYHJ	
VYHK	
VYHL	
VYHM	
VYHN	
VYHO	
VYHP	
VYHQ	
VYHR	
VYHS	
VYHT	
VYHU	
VYHV	
VYHW	
VYHX	
VYHY	
VYHZ	
VYIA	
VYIB	
VYIC	
VYID	
VYIE	
VYIF	
VYIG	
VYIH	
VYII	
VYIJ	
VYIK	
VYIL	
VYIM	
VYIN	
VYIO	
VYIP	
VYIQ	
VYIR	
VYIS	
VYIT	
VYIU	
VYIV	
VYIW	
VYIX	
VYIY	
VYIZ	
VYJA	
VYJB	
VYJC	
VYJD	
VYJE	
VYJF	
VYJG	
VYJH	
VYJI	
VYJJ	
VYJK	
VYJL	
VYJM	
VYJN	
VYJO	
VYJP	
VYJQ	
VYJR	
VYJS	
VYJT	
VYJU	
VYJV	
VYJW	
VYJX	
VYJY	
VYJZ	
VYKA	
VYKB	
VYKC	
VYKD	
VYKE	
VYKF	
VYKG	
VYKH	
VYKI	
VYKJ	
VYKK	
VYKL	
VYKM	
VYKN	
VYKO	
VYKP	
VYKQ	
VYKR	
VYKS	
VYKT	
VYKU	
VYKV	
VYKW	
VYKX	
VYKY	
VYKZ	
VYLA	
VYLB	
VYLC	
VYLD	
VYLE	
VYLF	
VYLG	
VYLH	
VYLI	
VYLJ	
VYLK	
VYLL	
VYLM	
VYLN	
VYLO	
VYLP	
VYLQ	
VYLR	
VYLS	
VYLT	
VYLU	
VYLV	
VYLW	
VYLX	
VYLY	
VYLZ	
VYMA	
VYMB	
VYMC	
VYMD	
VYME	
VYMF	
VYMG	
VYMH	
VYMI	
VYMJ	
VYMK	
VYML	
VYMM	
VYMN	
VYMO	
VYMP	
VYMQ	
VYMR	
VYMS	
VYMT	
VYMU	
VYMV	
VYMW	
VYMX	
VYMY	
VYMZ	
VYNA	
VYNB	
VYNC	
VYND	
VYNE	
VYNF	
VYNG	
VYNH	
VYNI	
VYNJ	
VYNK	
VYNL	
VYNM	
VYNN	
VYNO	
VYNP	
VYNQ	
VYNR	
VYNS	
VYNT	
VYNU	
VYNV	
VYNW	
VYNX	
VYNY	
VYNZ	
VYOA	
VYOB	
VYOC	
VYOD	
VYOE	
VYOF	
VYOG	
VYOH	
VYOI	
VYOJ	
VYOK	
VYOL	
VYOM	
VYON	
VYOO	
VYOP	
VYOQ	
VYOR	
VYOS	
VYOT	
VYOU	
VYOV	
VYOW	
VYOX	
VYOY	
VYOZ	
VYPA	
VYPB	
VYPC	
VYPD	
VYPE	
VYPF	
VYPG	
VYPH	
VYPI	
VYPJ	
VYPK	
VYPL	
VYPM	
VYPN	
VYPO	
VYPP	
VYPQ	
VYPR	
VYPS	
VYPT	
VYPU	
VYPV	
VYPW	
VYPX	
VYPY	
VYPZ	
VYQA	
VYQB	
VYQC	
VYQD	
VYQE	
VYQF	
VYQG	
VYQH	
VYQI	
VYQJ	
VYQK	
VYQL	
VYQM	
VYQN	
VYQO	
VYQP	
VYQQ	
VYQR	
VYQS	
VYQT	
VYQU	
VYQV	
VYQW	
VYQX	
VYQY	
VYQZ	
VYRA	
VYRB	
VYRC	
VYRD	
VYRE	
VYRF	
VYRG	
VYRH	
VYRI	
VYRJ	
VYRK	
VYRL	
VYRM	
VYRN	
VYRO	
VYRP	
VYRQ	
VYRR	
VYRS	
VYRT	
VYRU	
VYRV	
VYRW	
VYRX	
VYRY	
VYRZ	
VYSA	
VYSB	
VYSC	
VYSD	
VYSE	
VYSF	
VYSG	
VYSH	
VYSI	
VYSJ	
VYSK	
VYSL	
VYSM	
VYSN	
VYSO	
VYSP	
VYSQ	
VYSR	
VYSS	
VYST	
VYSU	
VYSV	
VYSW	
VYSX	
VYSY	
VYSZ	
VYTA	
VYTB	
VYTC	
VYTD	
VYTE	
VYTF	
VYTG	
VYTH	
VYTI	
VYTJ	
VYTK	
VYTL	
VYTM	
VYTN	
VYTO	
VYTP	
VYTQ	
VYTR	
VYTS	
VYTT	
VYTU	
VYTV	
VYTW	
VYTX	
VYTY	
VYTZ	
VYUA	
VYUB	
VYUC	
VYUD	
VYUE	
VYUF	
VYUG	
VYUH	
VYUI	
VYUJ	
VYUK	
VYUL	
VYUM	
VYUN	
VYUO	
VYUP	
VYUQ	
VYUR	
VYUS	
VYUT	
VYUU	
VYUV	
VYUW	
VYUX	
VYUY	
VYUZ	
VYVA	
VYVB	
VYVC	
VYVD	
VYVE	
VYVF	
VYVG	
VYVH	
VYVI	
VYVJ	
VYVK	
VYVL	
VYVM	
VYVN	
VYVO	
VYVP	
VYVQ	
VYVR	
VYVS	
VYVT	
VYVU	
VYVV	
VYVW	
VYVX	
VYVY	
VYVZ	
VYWA	
VYWB	
VYWC	
VYWD	
VYWE	
VYWF	
VYWG	
VYWH	
VYWI	
VYWJ	
VYWK	
VYWL	
VYWM	
VYWN	
VYWO	
VYWP	
VYWQ	
VYWR	
VYWS	
VYWT	
VYWU	
VYWV	
VYWW	
VYWX	
VYWY	
VYWZ	
VYXA	
VYXB	
VYXC	
VYXD	
VYXE	
VYXF	
VYXG	
VYXH	
VYXI	
VYXJ	
VYXK	
VYXL	
VYXM	
VYXN	
VYXO	
VYXP	
VYXQ	
VYXR	
VYXS	
VYXT	
VYXU	
VYXV	
VYXW	
VYXX	
VYXY	
VYXZ	
VYYA	
VYYB	
VYYC	
VYYD	
VYYE	
VYYF	
VYYG	
VYYH	
VYYI	
VYYJ	
VYYK	
VYYL	
VYYM	
VYYN	
VYYO	
VYYP	
VYYQ	
VYYR	
VYYS	
VYYT	
VYYU	
VYYV	
VYYW	
VYYX	
VYYY	
VYYZ	
VYZA	
VYZB	
VYZC	
VYZD	
VYZE	
VYZF	
VYZG	
VYZH	
VYZI	
VYZJ	
VYZK	
VYZL	
VYZM	
VYZN	
VYZO	
VYZP	
VYZQ	
VYZR	
VYZS	
VYZT	
VYZU	
VYZV	
VYZW	
VYZX	
VYZY	
VYZZ	
VZAA	
VZAB	
VZAC	
VZAD	
VZAE	
VZAF	
VZAG	
VZAH	
VZAI	
VZAJ	
VZAK	
VZAL	
VZAM	
VZAN	
VZAO	
VZAP	
VZAQ	
VZAR	
VZAS	
VZAT	
VZAU	
VZAV	
VZAW	
VZAX	
VZAY	
VZAZ	
VZBA	
VZBB	
VZBC	
VZBD	
VZBE	
VZBF	
VZBG	
VZBH	
VZBI	
VZBJ	
VZBK	
VZBL	
VZBM	
VZBN	
VZBO	
VZBP	
VZBQ	
VZBR	
VZBS	
VZBT	
VZBU	
VZBV	
VZBW	
VZBX	
VZBY	
VZBZ	
VZCA	
VZCB	
VZCC	
VZCD	
VZCE	
VZCF	
VZCG	
VZCH	
VZCI	
VZCJ	
VZCK	
VZCL	
VZCM	
VZCN	
VZCO	
VZCP	
VZCQ	
VZCR	
VZCS	
VZCT	
VZCU	
VZCV	
VZCW	
VZCX	
VZCY	
VZCZ	
VZDA	
VZDB	
VZDC	
VZDD	
VZDE	
VZDF	
VZDG	
VZDH	
VZDI	
VZDJ	
VZDK	
VZDL	
VZDM	
VZDN	
VZDO	
VZDP	
VZDQ	
VZDR	
VZDS	
VZDT	
VZDU	
VZDV	
VZDW	
VZDX	
VZDY	
VZDZ	
VZEA	
VZEB	
VZEC	
VZED	
VZEE	
VZEF	
VZEG	
VZEH	
VZEI	
VZEJ	
VZEK	
VZEL	
VZEM	
VZEN	
VZEO	
VZEP	
VZEQ	
VZER	
VZES	
VZET	
VZEU	
VZEV	
VZEW	
VZEX	
VZEY	
VZEZ	
VZFA	
VZFB	
VZFC	
VZFD	
VZFE	
VZFF	
VZFG	
VZFH	
VZFI	
VZFJ	
VZFK	
VZFL	
VZFM	
VZFN	
VZFO	
VZFP	
VZFQ	
VZFR	
VZFS	
VZFT	
VZFU	
VZFV	
VZFW	
VZFX	
VZFY	
VZFZ	
VZGA	
VZGB	
VZGC	
VZGD	
VZGE	
VZGF	
VZGG	
VZGH	
VZGI	
VZGJ	
VZGK	
VZGL	
VZGM	
VZGN	
VZGO	
VZGP	
VZGQ	
VZGR	
VZGS	
VZGT	
VZGU	
VZGV	
VZGW	
VZGX	
VZGY	
VZGZ	
VZHA	
VZHB	
VZHC	
VZHD	
VZHE	
VZHF	
VZHG	
VZHH	
VZHI	
VZHJ	
VZHK	
VZHL	
VZHM	
VZHN	
VZHO	
VZHP	
VZHQ	
VZHR	
VZHS	
VZHT	
VZHU	
VZHV	
VZHW	
VZHX	
VZHY	
VZHZ	
VZIA	
VZIB	
VZIC	
VZID	
VZIE	
VZIF	
VZIG	
VZIH	
VZII	
VZIJ	
VZIK	
VZIL	
VZIM	
VZIN	
VZIO	
VZIP	
VZIQ	
VZIR	
VZIS	
VZIT	
VZIU	
VZIV	
VZIW	
VZIX	
VZIY	
VZIZ	
VZJA	
VZJB	
VZJC	
VZJD	
VZJE	
VZJF	
VZJG	
VZJH	
VZJI	
VZJJ	
VZJK	
VZJL	
VZJM	
VZJN	
VZJO	
VZJP	
VZJQ	
VZJR	
VZJS	
VZJT	
VZJU	
VZJV	
VZJW	
VZJX	
VZJY	
VZJZ	
VZKA	
VZKB	
VZKC	
VZKD	
VZKE	
VZKF	
VZKG	
VZKH	
VZKI	
VZKJ	
VZKK	
VZKL	
VZKM	
VZKN	
VZKO	
VZKP	
VZKQ	
VZKR	
VZKS	
VZKT	
VZKU	
VZKV	
VZKW	
VZKX	
VZKY	
VZKZ	
VZLA	
VZLB	
VZLC	
VZLD	
VZLE	
VZLF	
VZLG	
VZLH	
VZLI	
VZLJ	
VZLK	
VZLL	
VZLM	
VZLN	
VZLO	
VZLP	
VZLQ	
VZLR	
VZLS	
VZLT	
VZLU	
VZLV	
VZLW	
VZLX	
VZLY	
VZLZ	
VZMA	
VZMB	
VZMC	
VZMD	
VZME	
VZMF	
VZMG	
VZMH	
VZMI	
VZMJ	
VZMK	
VZML	
VZMM	
VZMN	
VZMO	
VZMP	
VZMQ	
VZMR	
VZMS	
VZMT	
VZMU	
VZMV	
VZMW	
VZMX	
VZMY	
VZMZ	
VZNA	
VZNB	
VZNC	
VZND	
VZNE	
VZNF	
VZNG	
VZNH	
VZNI	
VZNJ	
VZNK	
VZNL	
VZNM	
VZNN	
VZNO	
VZNP	
VZNQ	
VZNR	
VZNS	
VZNT	
VZNU	
VZNV	
VZNW	
VZNX	
VZNY	
VZNZ	
VZOA	
VZOB	
VZOC	
VZOD	
VZOE	
VZOF	
VZOG	
VZOH	
VZOI	
VZOJ	
VZOK	
VZOL	
VZOM	
VZON	
VZOO	
VZOP	
VZOQ	
VZOR	
VZOS	
VZOT	
VZOU	
VZOV	
VZOW	
VZOX	
VZOY	
VZOZ	
VZPA	
VZPB	
VZPC	
VZPD	
VZPE	
VZPF	
VZPG	
VZPH	
VZPI	
VZPJ	
VZPK	
VZPL	
VZPM	
VZPN	
VZPO	
VZPP	
VZPQ	
VZPR	
VZPS	
VZPT	
VZPU	
VZPV	
VZPW	
VZPX	
VZPY	
VZPZ	
VZQA	
VZQB	
VZQC	
VZQD	
VZQE	
VZQF	
VZQG	
VZQH	
VZQI	
VZQJ	
VZQK	
VZQL	
VZQM	
VZQN	
VZQO	
VZQP	
VZQQ	
VZQR	
VZQS	
VZQT	
VZQU	
VZQV	
VZQW	
VZQX	
VZQY	
VZQZ	
VZRA	
VZRB	
VZRC	
VZRD	
VZRE	
VZRF	
VZRG	
VZRH	
VZRI	
VZRJ	
VZRK	
VZRL	
VZRM	
VZRN	
VZRO	
VZRP	
VZRQ	
VZRR	
VZRS	
VZRT	
VZRU	
VZRV	
VZRW	
VZRX	
VZRY	
VZRZ	
VZSA	
VZSB	
VZSC	
VZSD	
VZSE	
VZSF	
VZSG	
VZSH	
VZSI	
VZSJ	
VZSK	
VZSL	
VZSM	
VZSN	
VZSO	
VZSP	
VZSQ	
VZSR	
VZSS	
VZST	
VZSU	
VZSV	
VZSW	
VZSX	
VZSY	
VZSZ	
VZTA	
VZTB	
VZTC	
VZTD	
VZTE	
VZTF	
VZTG	
VZTH	
VZTI	
VZTJ	
VZTK	
VZTL	
VZTM	
VZTN	
VZTO	
VZTP	
VZTQ	
VZTR	
VZTS	
VZTT	
VZTU	
VZTV	
VZTW	
VZTX	
VZTY	
VZTZ	
VZUA	
VZUB	
VZUC	
VZUD	
VZUE	
VZUF	
VZUG	
VZUH	
VZUI	
VZUJ	
VZUK	
VZUL	
VZUM	
VZUN	
VZUO	
VZUP	
VZUQ	
VZUR	
VZUS	
VZUT	
VZUU	
VZUV	
VZUW	
VZUX	
VZUY	
VZUZ	
VZVA	
VZVB	
VZVC	
VZVD	
VZVE	
VZVF	
VZVG	
VZVH	
VZVI	
VZVJ	
VZVK	
VZVL	
VZVM	
VZVN	
VZVO	
VZVP	
VZVQ	
VZVR	
VZVS	
VZVT	
VZVU	
VZVV	
VZVW	
VZVX	
VZVY	
VZVZ	
VZWA	
VZWB	
VZWC	
VZWD	
VZWE	
VZWF	
VZWG	
VZWH	
VZWI	
VZWJ	
VZWK	
VZWL	
VZWM	
VZWN	
VZWO	
VZWP	
VZWQ	
VZWR	
VZWS	
VZWT	
VZWU	
VZWV	
VZWW	
VZWX	
VZWY	
VZWZ	
VZXA	
VZXB	
VZXC	
VZXD	
VZXE	
VZXF	
VZXG	
VZXH	
VZXI	
VZXJ	
VZXK	
VZXL	
VZXM	
VZXN	
VZXO	
VZXP	
VZXQ	
VZXR	
VZXS	
VZXT	
VZXU	
VZXV	
VZXW	
VZXX	
VZXY	
VZXZ	
VZYA	
VZYB	
VZYC	
VZYD	
VZYE	
VZYF	
VZYG	
VZYH	
VZYI	
VZYJ	
VZYK	
VZYL	
VZYM	
VZYN	
VZYO	
VZYP	
VZYQ	
VZYR	
VZYS	
VZYT	
VZYU	
VZYV	
VZYW	
VZYX	
VZYY	
VZYZ	
VZZA	
VZZB	
VZZC	
VZZD	
VZZE	
VZZF	
VZZG	
VZZH	
VZZI	
VZZJ	
VZZK	
VZZL	
VZZM	
VZZN	
VZZO	
VZZP	
VZZQ	
VZZR	
VZZS	
VZZT	
VZZU	
VZZV	
VZZW	
VZZX	
VZZY	
VZZZ	
WAAA